# Body pose sequence format version 1.0 defined by cnoid-Robotics

type: PoseSeq
name: "TurnToTheFuture"
targetBody: "HRP-4C"
refs: 
  - 
    time: 0
    refer: 
      type: Pose
      name: ""
      joints: [ 
        0, 1, 2, 3, 4, 6, 7, 8, 9, 10, 
        11, 13, 14, 15, 16, 17, 18, 19, 20, 21, 
        22, 23, 24, 25, 26, 27, 28, 29, 30, 31 ]
      q: [ 
        3.32675089e-16, -0.00379966954, -0.286610776, 0.689363911, -0.402753135, 0, -2.33082289e-06, -0.0037525915, -0.286771057, 0.689701051, 
        -0.40355112, 0, 0, 0, 0, 0, 0, 0, 0.0872665, 0.174533, 
        0, -0.261799, 0, -0.174533, 0.0872665, -0.174533, 0, -0.261799, 0, 0.174533 ]
      ikLinks: 
        - 
          name: WAIST
          index: 0
          isBaseLink: true
          translation: [ 0.0670700116, 0.00119919014, 0.750077201 ]
          rotation: [ 
            0.999999653, 0.000833664215, -3.10827242e-15, 
            -0.000833664215, 0.999999653, 4.2240182e-16, 
            3.10862348e-15, -4.19810418e-16, 1 ]
        - 
          name: L_ANKLE_R
          index: 6
          translation: [ 0.0345626, 0.067152, 0.093 ]
          rotation: [ 
            0.999998998, 0.00083339526, 0.000676914619, 
            -0.000833252258, 0.999999998, -0.000210951223, 
            -0.00067709, 0.000210387, 1 ]
          isTouching: true
          partingDirection: [ 0, 0, 1 ]
        - 
          name: R_ANKLE_R
          index: 13
          translation: [ 0.0345621712, -0.0697171044, 0.0927999935 ]
          rotation: [ 
            0.99999946, 0.000833479168, -0.000621368882, 
            -0.000833664053, 0.999999609, -0.000297345787, 
            0.000621120808, 0.00029786364, 0.999999763 ]
          isTouching: true
          partingDirection: [ 0, 0, 1 ]
        - 
          name: CHEST_Y
          index: 17
          translation: [ 0.0770700116, 0.00119919014, 0.959077201 ]
          rotation: [ 
            0.999999653, 0.000833664215, -3.10827242e-15, 
            -0.000833664215, 0.999999653, 4.2240182e-16, 
            3.10862348e-15, -4.19810418e-16, 1 ]
          isSlave: true
      zmp: [ 0.0644875692, -0.00129799995, 0 ]
      isZmpStationaryPoint: false
  - 
    time: 0.818476338
    maxTransitionTime: 0.269781452
    refer: 
      type: Pose
      name: ""
      joints: [ 
        7, 8, 9, 10, 11, 12, 13, 14, 15, 16 ]
      q: [ 
        -1.79339082e-09, -0.131838578, -0.412228066, 0.939071542, -0.526843465, 0.133136668, 0, -1.00975617e-18, 0.000696317883, 1.81143491e-17 ]
      ikLinks: 
        - 
          name: WAIST
          index: 0
          isBaseLink: true
          translation: [ 0.0625004427, 0.059497317, 0.74 ]
          rotation: [ 
            1, -2.38334166e-14, -1.72711753e-29, 
            2.38334166e-14, 1, 7.35522754e-16, 
            -2.58844985e-31, -7.35522754e-16, 1 ]
        - 
          name: R_ANKLE_R
          index: 13
          translation: [ 0.0344005337, -0.091002677, 0.120000454 ]
          rotation: [ 
            1, 3.39454151e-09, 1.19530888e-08, 
            -3.37902247e-09, 0.999999157, -0.00129808937, 
            -1.19574853e-08, 0.00129808937, 0.999999157 ]
  - 
    time: 1.085
    refer: 
      type: Pose
      name: ""
      joints: [ 
        7, 8, 9, 10, 11, 13, 14, 15, 16 ]
      q: [ 
        -2.69225454e-14, -0.161407045, -0.308958402, 0.729176115, -0.420217713, 0, 1.71749793e-18, 0.000691083441, 7.48685474e-18 ]
      ikLinks: 
        - 
          name: WAIST
          index: 0
          translation: [ 0.0647198828, 0.0285622032, 0.74 ]
          rotation: [ 
            1, -2.38259109e-14, -1.33942803e-18, 
            2.38259109e-14, 1, 7.35168762e-16, 
            1.33942803e-18, -7.35168762e-16, 1 ]
        - 
          name: R_ANKLE_R
          index: 13
          translation: [ 0.0343999971, -0.145000001, 0.0928999937 ]
          rotation: [ 
            1, -1.7915683e-15, -3.00228253e-14, 
            1.80411242e-15, 1, -9.99200722e-16, 
            3.01425551e-14, 9.71445147e-16, 1 ]
          isTouching: true
          partingDirection: [ 0, 0, 1 ]
  - 
    time: 1.24091741
    maxTransitionTime: 0.588203006
    refer: 
      type: Pose
      name: ""
      joints: [ 
        14, 15, 16 ]
      q: [ 
        1.75895923e-15, 0.000518362788, 1.13266075e-16 ]
      ikLinks: 
        - 
          name: WAIST
          index: 0
          translation: [ 0.063400003, -0.0444000004, 0.740000006 ]
          rotation: [ 
            1, 1.16966726e-16, -1.97110661e-15, 
            -1.13322613e-16, 1, 2.22044605e-16, 
            1.94289029e-15, -2.22044605e-16, 1 ]
  - 
    time: 1.3
    maxTransitionTime: 0.178942423
    refer: 
      type: Pose
      name: ""
      zmp: [ 0.0644454105, -0.0389253193, 0 ]
      isZmpStationaryPoint: true
  - 
    time: 1.6
    maxTransitionTime: 0.235511309
    refer: 
      type: Pose
      name: ""
      ikLinks: 
        - 
          name: WAIST
          index: 0
          isBaseLink: true
          translation: [ 0.0586971249, -0.0450508698, 0.700271964 ]
          rotation: [ 
            1, -4.35720691e-15, -3.4229645e-14, 
            4.35096487e-15, 1, -6.11455331e-14, 
            3.41948692e-14, 6.11455331e-14, 1 ]
  - 
    time: 1.81
    maxTransitionTime: 0.416069979
    refer: 
      type: Pose
      name: ""
      ikLinks: 
        - 
          name: WAIST
          index: 0
          isBaseLink: true
          translation: [ 0.060400702, -0.0450494803, 0.734388943 ]
          rotation: [ 
            1, -3.50879651e-15, -3.24901624e-14, 
            3.49945292e-15, 1, -4.55885329e-14, 
            3.21964677e-14, 4.55885329e-14, 1 ]
  - 
    time: 2
    maxTransitionTime: 0.416069979
    refer: 
      type: Pose
      name: ""
      ikLinks: 
        - 
          name: WAIST
          index: 0
          isBaseLink: true
          translation: [ 0.0492941446, -0.0450550157, 0.700271943 ]
          rotation: [ 
            1, -8.11436474e-15, -5.09948332e-14, 
            8.14852015e-15, 1, -6.01602101e-14, 
            5.16808818e-14, 6.01740879e-14, 1 ]
  - 
    time: 2.21
    maxTransitionTime: 0.416069979
    refer: 
      type: Pose
      name: ""
      ikLinks: 
        - 
          name: WAIST
          index: 0
          isBaseLink: true
          translation: [ 0.0469692582, -0.0450621244, 0.734388914 ]
          rotation: [ 
            1, -8.35228967e-15, -5.50725884e-14, 
            8.33427125e-15, 1, -4.33819647e-14, 
            5.49560397e-14, 4.33125757e-14, 1 ]
  - 
    time: 2.41
    maxTransitionTime: 0.416069979
    refer: 
      type: Pose
      name: ""
      ikLinks: 
        - 
          name: WAIST
          index: 0
          isBaseLink: true
          translation: [ 0.069366991, 0.00433430628, 0.700272146 ]
          rotation: [ 
            1, 1.20674243e-16, -3.10862348e-15, 
            -1.20674243e-16, 1, 4.19810418e-16, 
            3.10862348e-15, -4.19810418e-16, 1 ]
  - 
    time: 2.61
    maxTransitionTime: 0.416069979
    refer: 
      type: Pose
      name: ""
      ikLinks: 
        - 
          name: WAIST
          index: 0
          isBaseLink: true
          translation: [ 0.0686413357, 0.00427346498, 0.734389117 ]
          rotation: [ 
            1, 1.20674243e-16, -3.10862348e-15, 
            -1.20674243e-16, 1, 4.19810418e-16, 
            3.10862348e-15, -4.19810418e-16, 1 ]
  - 
    time: 2.79225304
    maxTransitionTime: 0.416069979
    refer: 
      type: Pose
      name: ""
      ikLinks: 
        - 
          name: WAIST
          index: 0
          isBaseLink: true
          translation: [ 0.069366991, 0.00433430628, 0.700272146 ]
          rotation: [ 
            1, 1.20674243e-16, -3.10862348e-15, 
            -1.20674243e-16, 1, 4.19810418e-16, 
            3.10862348e-15, -4.19810418e-16, 1 ]
  - 
    time: 2.99225304
    maxTransitionTime: 0.416069979
    refer: 
      type: Pose
      name: ""
      ikLinks: 
        - 
          name: WAIST
          index: 0
          isBaseLink: true
          translation: [ 0.0686413357, 0.00427346498, 0.734389117 ]
          rotation: [ 
            1, 1.20674243e-16, -3.10862348e-15, 
            -1.20674243e-16, 1, 4.19810418e-16, 
            3.10862348e-15, -4.19810418e-16, 1 ]
  - 
    time: 3.19636528
    maxTransitionTime: 1.85135021
    refer: 
      type: Pose
      name: ""
      joints: [ 
        14, 15, 16, 17, 18, 19, 20, 21, 22, 23, 
        24, 25, 26, 27, 28, 29, 30, 31 ]
      q: [ 
        0, 0, 0, 0, 0, 0, -0.691150384, 0.0942477796, -0.478220215, -2.02458193, 
        0, 0.300196631, -0.691150384, -0.0942477796, 0.478220215, -2.02458193, 0, -0.300196631 ]
      ikLinks: 
        - 
          name: CHEST_Y
          index: 17
          translation: [ 0.0769078376, 0.00131629454, 0.959077201 ]
          rotation: [ 
            1, 1.20674243e-16, -3.10862348e-15, 
            -1.20674243e-16, 1, 4.19810418e-16, 
            3.10862348e-15, -4.19810418e-16, 1 ]
          isSlave: true
  - 
    time: 3.19844479
    refer: 
      type: Pose
      name: ""
      ikLinks: 
        - 
          name: WAIST
          index: 0
          isBaseLink: true
          translation: [ 0.069366991, 0.00433430628, 0.700272146 ]
          rotation: [ 
            1, 1.20674243e-16, -3.10862348e-15, 
            -1.20674243e-16, 1, 4.19810418e-16, 
            3.10862348e-15, -4.19810418e-16, 1 ]
  - 
    time: 3.20047264
    maxTransitionTime: 0.416069979
    refer: 
      type: Pose
      name: ""
      ikLinks: 
        - 
          name: WAIST
          index: 0
          isBaseLink: true
          translation: [ 0.069366991, 0.00433430628, 0.700272146 ]
          rotation: [ 
            1, 1.20674243e-16, -3.10862348e-15, 
            -1.20674243e-16, 1, 4.19810418e-16, 
            3.10862348e-15, -4.19810418e-16, 1 ]
  - 
    time: 3.59016964
    maxTransitionTime: 0.430208298
    refer: 
      type: Pose
      name: ""
      ikLinks: 
        - 
          name: WAIST
          index: 0
          isBaseLink: true
          translation: [ 0.0672047631, -0.00747476154, 0.750057447 ]
          rotation: [ 
            1, 1.20674243e-16, -3.10862348e-15, 
            -1.20674243e-16, 1, 4.19810418e-16, 
            3.10862348e-15, -4.19810418e-16, 1 ]
  - 
    time: 4.06
    maxTransitionTime: 0.540588489
    refer: 
      type: Pose
      name: ""
      joints: [ 
        14, 15, 16, 17, 18, 19 ]
      q: [ 
        -7.11852682e-31, -0.0282208376, -3.07162147e-33, 1.37909167e-31, -0.0307211321, 3.55865883e-31 ]
      ikLinks: 
        - 
          name: WAIST
          index: 0
          isBaseLink: true
          translation: [ 0.0349310147, -0.131509086, 0.683919939 ]
          rotation: [ 
            1, 0, 0, 
            0, 0.996194698, 0.0871557427, 
            0, -0.0871557427, 0.996194698 ]
      zmp: [ 0.0644019844, -0.144967836, 0 ]
      isZmpStationaryPoint: true
  - 
    time: 4.54162768
    maxTransitionTime: 0.557376764
    refer: 
      type: Pose
      name: ""
      ikLinks: 
        - 
          name: WAIST
          index: 0
          isBaseLink: true
          translation: [ 0.0672047631, -0.00747476154, 0.750057447 ]
          rotation: [ 
            1, 1.20674243e-16, -3.10862348e-15, 
            -1.20674243e-16, 1, 4.19810418e-16, 
            3.10862348e-15, -4.19810418e-16, 1 ]
  - 
    time: 4.91
    maxTransitionTime: 0.950385864
    refer: 
      type: Pose
      name: ""
      joints: [ 
        14, 15, 16, 17, 18, 19 ]
      q: [ 
        -7.23603176e-31, 0.0807329167, -1.599545e-31, 1.49489479e-31, 0.152343434, 3.52842403e-31 ]
      ikLinks: 
        - 
          name: WAIST
          index: 0
          isBaseLink: true
          translation: [ 0.0353313979, 0.075635251, 0.683747391 ]
          rotation: [ 
            1, -1.51067475e-16, -3.10729478e-15, 
            -1.20674243e-16, 0.996184927, -0.0872673512, 
            3.10862348e-15, 0.0872673512, 0.996184927 ]
      zmp: [ 0.0644077448, 0.0673378933, 0 ]
      isZmpStationaryPoint: true
  - 
    time: 5.33451576
    maxTransitionTime: 0.478872995
    refer: 
      type: Pose
      name: ""
      ikLinks: 
        - 
          name: WAIST
          index: 0
          isBaseLink: true
          translation: [ 0.0672047631, -0.00747476154, 0.750057447 ]
          rotation: [ 
            1, 1.20674243e-16, -3.10862348e-15, 
            -1.20674243e-16, 1, 4.19810418e-16, 
            3.10862348e-15, -4.19810418e-16, 1 ]
  - 
    time: 5.75
    maxTransitionTime: 0.894942973
    refer: 
      type: Pose
      name: ""
      joints: [ 
        14, 15, 16, 17, 18, 19 ]
      q: [ 
        -3.32454027e-31, -0.0959364484, -2.4556645e-31, 1.72212443e-31, -0.131326177, 4.08785853e-31 ]
      ikLinks: 
        - 
          name: WAIST
          index: 0
          isBaseLink: true
          translation: [ 0.0353448976, -0.140080624, 0.68374082 ]
          rotation: [ 
            1, 0, 0, 
            0, 0.996194698, 0.0871557427, 
            0, -0.0871557427, 0.996194698 ]
      zmp: [ 0.0644007193, -0.144997583, 0 ]
      isZmpStationaryPoint: true
  - 
    time: 6.19
    maxTransitionTime: 0.43962111
    refer: 
      type: Pose
      name: ""
      joints: [ 
        14, 15, 16, 17, 18, 19 ]
      q: [ 
        3.07874428e-15, -0.000952893821, -1.61338255e-16, -1.63366128e-18, -0.000266147386, 2.9730998e-17 ]
      ikLinks: 
        - 
          name: WAIST
          index: 0
          isBaseLink: true
          translation: [ 0.0395941253, -0.0969238559, 0.750057403 ]
          rotation: [ 
            1, 1.20674541e-16, -3.10862347e-15, 
            -1.20674243e-16, 1, 9.59905996e-08, 
            3.10862348e-15, -9.59905996e-08, 1 ]
      zmp: [ 0.064445411, -0.0389253183, 0 ]
      isZmpStationaryPoint: true
  - 
    time: 6.595
    maxTransitionTime: 0.445
    refer: 
      type: Pose
      name: ""
      joints: [ 
        14, 15, 16, 17, 18, 19 ]
      q: [ 
        3.92727238e-19, 0.122416581, -2.01008871e-20, 3.51724231e-16, 0.105214027, -3.33751147e-19 ]
      ikLinks: 
        - 
          name: WAIST
          index: 0
          isBaseLink: true
          translation: [ 0.0278566208, -0.136262486, 0.68889169 ]
          rotation: [ 
            1, 0, 0, 
            0, 0.992546152, 0.121869343, 
            0, -0.121869343, 0.992546152 ]
      zmp: [ 0.0643998855, -0.144998942, 0 ]
      isZmpStationaryPoint: true
  - 
    time: 6.79
    maxTransitionTime: 0.725
    refer: 
      type: Pose
      name: ""
      joints: [ 
        20, 21, 22, 23, 24, 25, 26, 27, 28, 29, 
        30, 31 ]
      q: [ 
        -0.973525213, 0.0638532667, -0.484103022, -1.1294145, 0.879479607, 0.300196631, -0.973525213, -0.0638532667, 0.484103022, -1.16064395, 
        -0.879479607, -0.300196631 ]
  - 
    time: 6.985
    maxTransitionTime: 0.557376764
    refer: 
      type: Pose
      name: ""
      joints: [ 
        14, 15, 16, 17, 18, 19 ]
      q: [ 
        7.44840708e-14, 0.000760099751, 3.1155039e-15, -1.63366128e-18, -0.000266147386, 2.9730998e-17 ]
      ikLinks: 
        - 
          name: WAIST
          index: 0
          isBaseLink: true
          translation: [ 0.0264325433, -0.0932756634, 0.750050217 ]
          rotation: [ 
            1, -1.41484539e-14, -7.52176099e-14, 
            1.41484539e-14, 1, -2.41889841e-14, 
            7.52176099e-14, 2.41889841e-14, 1 ]
      zmp: [ 0.0644454111, -0.0389253183, 0 ]
      isZmpStationaryPoint: true
  - 
    time: 7.395
    maxTransitionTime: 1.31886333
    refer: 
      type: Pose
      name: ""
      joints: [ 
        20, 21, 22, 23, 24, 25, 26, 27, 28, 29, 
        30, 31 ]
      q: [ 
        -1.19380521, 0.0401425728, -0.488692187, -0.431096325, 1.56555975, 0.300196631, -1.19380521, -0.0401425728, 0.488692187, -0.431096325, 
        -1.56555975, -0.300196631 ]
  - 
    time: 7.395
    maxTransitionTime: 0.535427216
    refer: 
      type: Pose
      name: ""
      joints: [ 
        14, 15, 16, 17, 18, 19 ]
      q: [ 
        3.92727238e-19, 0.122416581, -2.01008871e-20, 3.51724231e-16, 0.105214027, -3.33751147e-19 ]
      ikLinks: 
        - 
          name: WAIST
          index: 0
          isBaseLink: true
          translation: [ 0.0202816895, -0.136898688, 0.68889169 ]
          rotation: [ 
            1, 0, 0, 
            0, 0.992546152, 0.121869343, 
            0, -0.121869343, 0.992546152 ]
      zmp: [ 0.0643996673, -0.144998968, 0 ]
      isZmpStationaryPoint: true
  - 
    time: 7.76
    maxTransitionTime: 0.478872995
    refer: 
      type: Pose
      name: ""
      joints: [ 
        14, 15, 16, 17, 18, 19 ]
      q: [ 
        7.70900886e-14, 0.000146529007, 5.71428703e-15, -1.63366128e-18, -0.000266147386, 2.9730998e-17 ]
      ikLinks: 
        - 
          name: WAIST
          index: 0
          isBaseLink: true
          translation: [ 0.0248591045, -0.0946472563, 0.750057218 ]
          rotation: [ 
            1, -1.47450645e-14, -7.71605002e-14, 
            1.47450645e-14, 1, -2.40363285e-14, 
            7.71605002e-14, 2.40363285e-14, 1 ]
      zmp: [ 0.0644454111, -0.0389253183, 0 ]
      isZmpStationaryPoint: true
  - 
    time: 8.155
    maxTransitionTime: 0.894942973
    refer: 
      type: Pose
      name: ""
      joints: [ 
        14, 15, 16, 17, 18, 19 ]
      q: [ 
        2.18243884e-18, 0.122413096, -1.05226227e-19, 3.3772142e-16, 0.10511242, 9.93115312e-19 ]
      ikLinks: 
        - 
          name: WAIST
          index: 0
          isBaseLink: true
          translation: [ 0.0266187113, -0.135346798, 0.68903732 ]
          rotation: [ 
            1, 0, 0, 
            0, 0.992546152, 0.121869343, 
            0, -0.121869343, 0.992546152 ]
      zmp: [ 0.0643996922, -0.144948402, 0 ]
      isZmpStationaryPoint: true
  - 
    time: 8.28642451
    maxTransitionTime: 0.713004102
    refer: 
      type: Pose
      name: ""
      joints: [ 
        20, 21, 22, 23, 24, 25, 26, 27, 28, 29, 
        30, 31 ]
      q: [ 
        -0.836616824, 0.153878873, -0.830899892, -1.31597826, 1.16413461, -0.378736448, -0.804689386, -0.183816046, 0.717172921, -1.21998515, 
        -1.41546202, 0 ]
  - 
    time: 8.555
    maxTransitionTime: 0.43962111
    refer: 
      type: Pose
      name: ""
      joints: [ 
        14, 15, 16, 17, 18, 19 ]
      q: [ 
        7.71562045e-14, -0.000639848577, 5.70935982e-15, -1.63366128e-18, -0.000266147386, 2.9730998e-17 ]
      ikLinks: 
        - 
          name: WAIST
          index: 0
          isBaseLink: true
          translation: [ 0.0399773871, -0.0898169958, 0.750057218 ]
          rotation: [ 
            1, -1.47450645e-14, -7.71605002e-14, 
            1.47450645e-14, 1, -2.40363285e-14, 
            7.71605002e-14, 2.40363285e-14, 1 ]
      zmp: [ 0.064445411, -0.0389253184, 0 ]
      isZmpStationaryPoint: true
  - 
    time: 8.88642451
    maxTransitionTime: 1.32719907
    refer: 
      type: Pose
      name: ""
      joints: [ 
        20, 21, 22, 23, 24, 25, 26, 27, 28, 29, 
        30, 31 ]
      q: [ 
        -0.568978694, 0.239100488, -1.08731313, -2.0245185, 0.727847305, -0.509634005, -0.513128306, -0.291469322, 0.888371535, -1.89716963, 
        -0.757475027, 0.427603747 ]
  - 
    time: 8.96
    maxTransitionTime: 0.894942973
    refer: 
      type: Pose
      name: ""
      joints: [ 
        14, 15, 16, 17, 18, 19 ]
      q: [ 
        3.90664715e-21, 0.104896723, -5.45041107e-22, 3.55167829e-16, 0.0519934587, -7.60912842e-21 ]
      ikLinks: 
        - 
          name: WAIST
          index: 0
          isBaseLink: true
          translation: [ 0.0429, -0.1188, 0.71 ]
          rotation: [ 
            1, -0, 0, 
            0, 0.994521895, 0.104528463, 
            -0, -0.104528463, 0.994521895 ]
      zmp: [ 0.0644007644, -0.144997633, 0 ]
      isZmpStationaryPoint: true
  - 
    time: 9.35
    maxTransitionTime: 0.43962111
    refer: 
      type: Pose
      name: ""
      joints: [ 
        14, 15, 16, 17, 18, 19 ]
      q: [ 
        3.10576662e-15, 0.000146526356, 2.30156201e-16, -1.55874419e-18, -0.000253961307, 0.00367364057 ]
      ikLinks: 
        - 
          name: WAIST
          index: 0
          isBaseLink: true
          translation: [ 0.0487445789, -0.0629487945, 0.766018475 ]
          rotation: [ 
            1, 1.20678262e-16, -3.10856798e-15, 
            -1.20678262e-16, 1, 4.19799949e-16, 
            3.10856798e-15, -4.19799949e-16, 1 ]
      zmp: [ 0.0644454114, -0.0389253187, 0 ]
      isZmpStationaryPoint: true
  - 
    time: 9.745
    maxTransitionTime: 0.41342844
    refer: 
      type: Pose
      name: ""
      joints: [ 
        20, 21, 22, 23, 24, 25, 26, 27, 28, 29, 
        30, 31 ]
      q: [ 
        -0.483148802, 0.256361559, -1.11054092, -2.09069598, 0.634036034, -0.510616543, -0.484637224, -0.356274603, 0.9666399, -1.95526066, 
        -0.771489474, 0.358835091 ]
  - 
    time: 9.745
    maxTransitionTime: 0.453623178
    refer: 
      type: Pose
      name: ""
      joints: [ 
        14, 15, 16, 17, 18, 19 ]
      q: [ 
        0.0795335442, 0.000146064568, 1.16415859e-05, 2.54903978e-21, -2.47757137e-20, 0.0802333368 ]
      ikLinks: 
        - 
          name: WAIST
          index: 0
          isBaseLink: true
          translation: [ 0.0470974205, -0.0383177477, 0.72557644 ]
          rotation: [ 
            1, 3.45156703e-16, -8.60841793e-18, 
            -3.45156703e-16, 1, -1.64909746e-16, 
            8.60841793e-18, 1.64909746e-16, 1 ]
  - 
    time: 10.125
    refer: 
      type: Pose
      name: ""
      joints: [ 
        14, 15, 16, 17, 18, 19 ]
      q: [ 
        -0.0732120347, 0.00014614219, -1.07185042e-05, -3.81164826e-22, 1.22478979e-20, -0.0345136945 ]
      ikLinks: 
        - 
          name: WAIST
          index: 0
          isBaseLink: true
          translation: [ 0.0631, -0.0382, 0.775 ]
          rotation: [ 
            1, 1.20745897e-16, -3.10763397e-15, 
            -1.20745897e-16, 1, 4.19623778e-16, 
            3.10763397e-15, -4.19623778e-16, 1 ]
  - 
    time: 10.1331865
    maxTransitionTime: 0.4335425
    refer: 
      type: Pose
      name: ""
      joints: [ 
        20, 21, 22, 23, 24, 25, 26, 27, 28, 29, 
        30, 31 ]
      q: [ 
        -0.568978694, 0.239100488, -1.08731313, -2.0245185, 0.727847305, -0.509634005, -0.513128306, -0.291469322, 0.888371535, -1.89716963, 
        -0.757475027, 0.427603747 ]
  - 
    time: 10.53
    refer: 
      type: Pose
      name: ""
      joints: [ 
        14, 15, 16, 17, 18, 19 ]
      q: [ 
        0.0814399052, 0.00014604233, 1.19200335e-05, -3.00167301e-21, 2.44838844e-20, 0.0732164263 ]
      ikLinks: 
        - 
          name: WAIST
          index: 0
          isBaseLink: true
          translation: [ 0.0483434456, -0.0303506978, 0.737441784 ]
          rotation: [ 
            1, 1.20745897e-16, -3.10763397e-15, 
            -1.20745897e-16, 1, 4.19623778e-16, 
            3.10763397e-15, -4.19623778e-16, 1 ]
  - 
    time: 10.53
    maxTransitionTime: 0.445971864
    refer: 
      type: Pose
      name: ""
      joints: [ 
        20, 21, 22, 23, 24, 25, 26, 27, 28, 29, 
        30, 31 ]
      q: [ 
        -0.483093787, 0.256257963, -1.11055581, -2.0907384, 0.633975903, -0.510617173, -0.484618962, -0.356316143, 0.966253213, -1.95501745, 
        -0.771504564, 0.358791011 ]
  - 
    time: 10.785
    refer: 
      type: Pose
      name: ""
      zmp: [ 0.0644454112, -0.038925319, 0 ]
      isZmpStationaryPoint: true
  - 
    time: 10.93
    refer: 
      type: Pose
      name: ""
      joints: [ 
        14, 15, 16, 17, 18, 19 ]
      q: [ 
        -0.000474799466, 1.46761618e-06, -3.16982557e-06, -5.6373873e-08, -1.45436642e-06, -0.000238220548 ]
      ikLinks: 
        - 
          name: WAIST
          index: 0
          isBaseLink: true
          translation: [ 0.056977826, -0.0299926996, 0.771440389 ]
          rotation: [ 
            1, 1.20745897e-16, -3.10763397e-15, 
            -1.20745897e-16, 1, 4.19623778e-16, 
            3.10763397e-15, -4.19623778e-16, 1 ]
  - 
    time: 10.9380284
    maxTransitionTime: 0.4335425
    refer: 
      type: Pose
      name: ""
      joints: [ 
        20, 21, 22, 23, 24, 25, 26, 27, 28, 29, 
        30, 31 ]
      q: [ 
        -0.568973419, 0.239101549, -1.08764124, -2.02482884, 0.727531782, -0.509634065, -0.513126555, -0.291698743, 0.888376345, -1.8971732, 
        -0.757787414, 0.42725679 ]
  - 
    time: 11.1994696
    maxTransitionTime: 0.416069979
    refer: 
      type: Pose
      name: ""
      ikLinks: 
        - 
          name: WAIST
          index: 0
          isBaseLink: true
          translation: [ 0.0636859982, 0.0162887246, 0.74137394 ]
          rotation: [ 
            1, 1.20745897e-16, -3.10763397e-15, 
            -1.20745897e-16, 1, 4.19623778e-16, 
            3.10763397e-15, -4.19623778e-16, 1 ]
  - 
    time: 11.4073348
    maxTransitionTime: 0.39919151
    refer: 
      type: Pose
      name: ""
      ikLinks: 
        - 
          name: WAIST
          index: 0
          isBaseLink: true
          translation: [ 0.060204077, 0.0232590307, 0.761879553 ]
          rotation: [ 
            1, 1.20745897e-16, -3.10763397e-15, 
            -1.20745897e-16, 1, 4.19623778e-16, 
            3.10763397e-15, -4.19623778e-16, 1 ]
  - 
    time: 11.5864182
    maxTransitionTime: 0.235511309
    refer: 
      type: Pose
      name: ""
      ikLinks: 
        - 
          name: WAIST
          index: 0
          isBaseLink: true
          translation: [ 0.0636859982, 0.0162887246, 0.74137394 ]
          rotation: [ 
            1, 1.20745897e-16, -3.10763397e-15, 
            -1.20745897e-16, 1, 4.19623778e-16, 
            3.10763397e-15, -4.19623778e-16, 1 ]
  - 
    time: 11.7964182
    maxTransitionTime: 0.416069979
    refer: 
      type: Pose
      name: ""
      ikLinks: 
        - 
          name: WAIST
          index: 0
          isBaseLink: true
          translation: [ 0.060204077, 0.0232590307, 0.761879553 ]
          rotation: [ 
            1, 1.20745897e-16, -3.10763397e-15, 
            -1.20745897e-16, 1, 4.19623778e-16, 
            3.10763397e-15, -4.19623778e-16, 1 ]
  - 
    time: 11.9864182
    maxTransitionTime: 0.416069979
    refer: 
      type: Pose
      name: ""
      ikLinks: 
        - 
          name: WAIST
          index: 0
          isBaseLink: true
          translation: [ 0.0636859982, 0.0162887246, 0.74137394 ]
          rotation: [ 
            1, 1.20745897e-16, -3.10763397e-15, 
            -1.20745897e-16, 1, 4.19623778e-16, 
            3.10763397e-15, -4.19623778e-16, 1 ]
  - 
    time: 12.1964182
    maxTransitionTime: 0.416069979
    refer: 
      type: Pose
      name: ""
      ikLinks: 
        - 
          name: WAIST
          index: 0
          isBaseLink: true
          translation: [ 0.060204077, 0.0232590307, 0.761879553 ]
          rotation: [ 
            1, 1.20745897e-16, -3.10763397e-15, 
            -1.20745897e-16, 1, 4.19623778e-16, 
            3.10763397e-15, -4.19623778e-16, 1 ]
  - 
    time: 12.3964182
    maxTransitionTime: 0.416069979
    refer: 
      type: Pose
      name: ""
      ikLinks: 
        - 
          name: WAIST
          index: 0
          isBaseLink: true
          translation: [ 0.0636859982, 0.0162887246, 0.74137394 ]
          rotation: [ 
            1, 1.20745897e-16, -3.10763397e-15, 
            -1.20745897e-16, 1, 4.19623778e-16, 
            3.10763397e-15, -4.19623778e-16, 1 ]
  - 
    time: 12.5964182
    maxTransitionTime: 0.416069979
    refer: 
      type: Pose
      name: ""
      ikLinks: 
        - 
          name: WAIST
          index: 0
          isBaseLink: true
          translation: [ 0.060204077, 0.0232590307, 0.761879553 ]
          rotation: [ 
            1, 1.20745897e-16, -3.10763397e-15, 
            -1.20745897e-16, 1, 4.19623778e-16, 
            3.10763397e-15, -4.19623778e-16, 1 ]
  - 
    time: 12.805
    maxTransitionTime: 0.830254167
    refer: 
      type: Pose
      name: ""
      ikLinks: 
        - 
          name: WAIST
          index: 0
          isBaseLink: true
          translation: [ 0.0625, -0.0453, 0.74 ]
          rotation: [ 
            1, 3.45705142e-16, -1.03469382e-18, 
            -3.45705142e-16, 1, -1.66338291e-16, 
            1.03469382e-18, 1.66338291e-16, 1 ]
  - 
    time: 12.815
    maxTransitionTime: 1.66405733
    refer: 
      type: Pose
      name: ""
      joints: [ 
        14, 15, 16, 17, 18, 19, 20, 23, 26, 27, 
        28, 29, 30, 31 ]
      q: [ 
        -0.0824203523, -0.0975753574, 0.00616229203, -0.197356856, 0.0425352494, -0.481569471, -0.626230314, -1.72555591, -2.44869694, -0.193731547, 
        0.483456203, -0.378736448, -1.6057004, 0.298244971 ]
      spJoints: [ 20, 23 ]
  - 
    time: 13.0054915
    maxTransitionTime: 0.416069979
    refer: 
      type: Pose
      name: ""
      ikLinks: 
        - 
          name: WAIST
          index: 0
          isBaseLink: true
          translation: [ 0.060204077, 0.0232590307, 0.761879553 ]
          rotation: [ 
            1, 1.20745897e-16, -3.10763397e-15, 
            -1.20745897e-16, 1, 4.19623778e-16, 
            3.10763397e-15, -4.19623778e-16, 1 ]
  - 
    time: 13.1845748
    maxTransitionTime: 0.235511309
    refer: 
      type: Pose
      name: ""
      ikLinks: 
        - 
          name: WAIST
          index: 0
          isBaseLink: true
          translation: [ 0.0636859982, 0.0162887246, 0.74137394 ]
          rotation: [ 
            1, 1.20745897e-16, -3.10763397e-15, 
            -1.20745897e-16, 1, 4.19623778e-16, 
            3.10763397e-15, -4.19623778e-16, 1 ]
  - 
    time: 13.3945748
    maxTransitionTime: 0.416069979
    refer: 
      type: Pose
      name: ""
      ikLinks: 
        - 
          name: WAIST
          index: 0
          isBaseLink: true
          translation: [ 0.060204077, 0.0232590307, 0.761879553 ]
          rotation: [ 
            1, 1.20745897e-16, -3.10763397e-15, 
            -1.20745897e-16, 1, 4.19623778e-16, 
            3.10763397e-15, -4.19623778e-16, 1 ]
  - 
    time: 13.5845748
    maxTransitionTime: 0.416069979
    refer: 
      type: Pose
      name: ""
      ikLinks: 
        - 
          name: WAIST
          index: 0
          isBaseLink: true
          translation: [ 0.0636859982, 0.0162887246, 0.74137394 ]
          rotation: [ 
            1, 1.20745897e-16, -3.10763397e-15, 
            -1.20745897e-16, 1, 4.19623778e-16, 
            3.10763397e-15, -4.19623778e-16, 1 ]
  - 
    time: 13.7945748
    maxTransitionTime: 0.416069979
    refer: 
      type: Pose
      name: ""
      ikLinks: 
        - 
          name: WAIST
          index: 0
          isBaseLink: true
          translation: [ 0.060204077, 0.0232590307, 0.761879553 ]
          rotation: [ 
            1, 1.20745897e-16, -3.10763397e-15, 
            -1.20745897e-16, 1, 4.19623778e-16, 
            3.10763397e-15, -4.19623778e-16, 1 ]
  - 
    time: 13.9945748
    maxTransitionTime: 0.416069979
    refer: 
      type: Pose
      name: ""
      ikLinks: 
        - 
          name: WAIST
          index: 0
          isBaseLink: true
          translation: [ 0.0636859982, 0.0162887246, 0.74137394 ]
          rotation: [ 
            1, 1.20745897e-16, -3.10763397e-15, 
            -1.20745897e-16, 1, 4.19623778e-16, 
            3.10763397e-15, -4.19623778e-16, 1 ]
  - 
    time: 14.1945748
    maxTransitionTime: 0.416069979
    refer: 
      type: Pose
      name: ""
      ikLinks: 
        - 
          name: WAIST
          index: 0
          isBaseLink: true
          translation: [ 0.060204077, 0.0232590307, 0.761879553 ]
          rotation: [ 
            1, 1.20745897e-16, -3.10763397e-15, 
            -1.20745897e-16, 1, 4.19623778e-16, 
            3.10763397e-15, -4.19623778e-16, 1 ]
  - 
    time: 14.385
    maxTransitionTime: 1.5738431
    refer: 
      type: Pose
      name: ""
      joints: [ 
        14, 15, 16, 17, 18, 19, 20, 21, 22, 23, 
        24, 25, 30, 31 ]
      q: [ 
        0.25184563, 0.0135044257, -0.193367343, 0.255537876, -0.017550511, 0.324166563, -0.274016693, 0.317649924, -0.961676418, 0.034906585, 
        0.680678408, 0.427605667, 0, -0.150098316 ]
      spJoints: [ 20, 21, 22, 23, 24, 25 ]
  - 
    time: 14.405
    maxTransitionTime: 0.830254167
    refer: 
      type: Pose
      name: ""
      ikLinks: 
        - 
          name: WAIST
          index: 0
          isBaseLink: true
          translation: [ 0.0143, -0.0388, 0.74 ]
          rotation: [ 
            1, 3.45622772e-16, -2.17218139e-18, 
            -3.45622772e-16, 1, -1.6612374e-16, 
            2.17218139e-18, 1.6612374e-16, 1 ]
  - 
    time: 14.6036482
    maxTransitionTime: 0.416069979
    refer: 
      type: Pose
      name: ""
      ikLinks: 
        - 
          name: WAIST
          index: 0
          isBaseLink: true
          translation: [ 0.060204077, 0.0232590307, 0.761879553 ]
          rotation: [ 
            1, 1.20745897e-16, -3.10763397e-15, 
            -1.20745897e-16, 1, 4.19623778e-16, 
            3.10763397e-15, -4.19623778e-16, 1 ]
  - 
    time: 14.605
    maxTransitionTime: 0.208632358
    refer: 
      type: Pose
      name: ""
      joints: [ 
        24, 25, 30, 31 ]
      q: [ 
        0.895353906, 0.568977336, 0.218166156, -0.481710874 ]
      spJoints: [ 30, 31 ]
  - 
    time: 14.7827315
    maxTransitionTime: 0.235511309
    refer: 
      type: Pose
      name: ""
      ikLinks: 
        - 
          name: WAIST
          index: 0
          isBaseLink: true
          translation: [ 0.0636859982, 0.0162887246, 0.74137394 ]
          rotation: [ 
            1, 1.20745897e-16, -3.10763397e-15, 
            -1.20745897e-16, 1, 4.19623778e-16, 
            3.10763397e-15, -4.19623778e-16, 1 ]
  - 
    time: 14.8
    refer: 
      type: Pose
      name: ""
      joints: [ 
        24, 25, 30, 31 ]
      q: [ 
        0.527089434, 0.511381471, -0.167551608, -0.244346095 ]
      spJoints: [ 30, 31 ]
  - 
    time: 14.8017635
    maxTransitionTime: 0.439242749
    refer: 
      type: Pose
      name: ""
      joints: [ 
        20, 21, 22, 23, 26, 27, 28, 29 ]
      q: [ 
        -0.60562925, 0.207694181, -0.741764932, -0.0101535929, -2.11533905, -0.118682389, 0.472984227, -0.317649924 ]
  - 
    time: 14.9927315
    maxTransitionTime: 0.416069979
    refer: 
      type: Pose
      name: ""
      ikLinks: 
        - 
          name: WAIST
          index: 0
          isBaseLink: true
          translation: [ 0.060204077, 0.0232590307, 0.761879553 ]
          rotation: [ 
            1, 1.20745897e-16, -3.10763397e-15, 
            -1.20745897e-16, 1, 4.19623778e-16, 
            3.10763397e-15, -4.19623778e-16, 1 ]
  - 
    time: 14.995
    refer: 
      type: Pose
      name: ""
      joints: [ 
        24, 25, 30, 31 ]
      q: [ 
        0.918043187, 0.897099236, 0.200712864, -0.623082543 ]
      spJoints: [ 30, 31 ]
  - 
    time: 15.1827315
    maxTransitionTime: 0.416069979
    refer: 
      type: Pose
      name: ""
      ikLinks: 
        - 
          name: WAIST
          index: 0
          isBaseLink: true
          translation: [ 0.0636859982, 0.0162887246, 0.74137394 ]
          rotation: [ 
            1, 1.20745897e-16, -3.10763397e-15, 
            -1.20745897e-16, 1, 4.19623778e-16, 
            3.10763397e-15, -4.19623778e-16, 1 ]
  - 
    time: 15.199374
    refer: 
      type: Pose
      name: ""
      joints: [ 
        20, 21, 22, 23, 26, 27, 28, 29 ]
      q: [ 
        -1.0656097, 0.0714607103, -0.454147886, -0.0534690301, -1.69646003, -0.00174532925, 0.428468946, -0.221656815 ]
  - 
    time: 15.2
    refer: 
      type: Pose
      name: ""
      joints: [ 
        24, 25, 30, 31 ]
      q: [ 
        0.541052068, 0.842994029, -0.204203522, -0.472984227 ]
      spJoints: [ 30, 31 ]
  - 
    time: 15.3927315
    maxTransitionTime: 0.416069979
    refer: 
      type: Pose
      name: ""
      ikLinks: 
        - 
          name: WAIST
          index: 0
          isBaseLink: true
          translation: [ 0.060204077, 0.0232590307, 0.761879553 ]
          rotation: [ 
            1, 1.20745897e-16, -3.10763397e-15, 
            -1.20745897e-16, 1, 4.19623778e-16, 
            3.10763397e-15, -4.19623778e-16, 1 ]
  - 
    time: 15.395
    refer: 
      type: Pose
      name: ""
      joints: [ 
        24, 25, 30, 31 ]
      q: [ 
        0.90931654, 1.24616509, 0.158824962, -0.834267382 ]
      spJoints: [ 30, 31 ]
  - 
    time: 15.5927315
    maxTransitionTime: 0.416069979
    refer: 
      type: Pose
      name: ""
      ikLinks: 
        - 
          name: WAIST
          index: 0
          isBaseLink: true
          translation: [ 0.0636859982, 0.0162887246, 0.74137394 ]
          rotation: [ 
            1, 1.20745897e-16, -3.10763397e-15, 
            -1.20745897e-16, 1, 4.19623778e-16, 
            3.10763397e-15, -4.19623778e-16, 1 ]
  - 
    time: 15.5998625
    refer: 
      type: Pose
      name: ""
      joints: [ 
        20, 21, 22, 23, 26, 27, 28, 29 ]
      q: [ 
        -1.36833813, -0.0226892803, -0.260054059, -0.157079633, -1.42942466, 0.0785398163, 0.399680399, -0.157079633 ]
  - 
    time: 15.6
    maxTransitionTime: 1.20092348
    refer: 
      type: Pose
      name: ""
      joints: [ 
        14, 15, 16, 17, 18, 19 ]
      q: [ 
        1.93001558e-07, -1.34378454e-07, -0.000197247768, 0.000611970781, -4.51280704e-06, 0.00173831486 ]
  - 
    time: 15.6
    refer: 
      type: Pose
      name: ""
      joints: [ 
        24, 25, 30, 31 ]
      q: [ 
        0.53756141, 0.876155285, -0.237364778, -0.893608577 ]
      spJoints: [ 30, 31 ]
  - 
    time: 15.7927315
    maxTransitionTime: 0.416069979
    refer: 
      type: Pose
      name: ""
      ikLinks: 
        - 
          name: WAIST
          index: 0
          isBaseLink: true
          translation: [ 0.060204077, 0.0232590307, 0.761879553 ]
          rotation: [ 
            1, 1.20745897e-16, -3.10763397e-15, 
            -1.20745897e-16, 1, 4.19623778e-16, 
            3.10763397e-15, -4.19623778e-16, 1 ]
  - 
    time: 15.94
    maxTransitionTime: 0.327492972
    refer: 
      type: Pose
      name: ""
      joints: [ 
        20, 23, 24, 25, 26, 29, 30, 31 ]
      q: [ 
        -1.28847375, -0.541143558, 0.806944567, 0.394165084, -1.28846093, -0.541143558, -0.628580911, -0.341785524 ]
  - 
    time: 16
    maxTransitionTime: 0.830254167
    refer: 
      type: Pose
      name: ""
      ikLinks: 
        - 
          name: WAIST
          index: 0
          isBaseLink: true
          translation: [ 0.0252, -0.0372, 0.74 ]
          rotation: [ 
            1, 3.45596085e-16, -2.54072876e-18, 
            -3.45596085e-16, 1, -1.66054225e-16, 
            2.54072876e-18, 1.66054225e-16, 1 ]
  - 
    time: 16.1855204
    maxTransitionTime: 0.416069979
    refer: 
      type: Pose
      name: ""
      ikLinks: 
        - 
          name: WAIST
          index: 0
          isBaseLink: true
          translation: [ 0.060204077, 0.0232590307, 0.761879553 ]
          rotation: [ 
            1, 1.20745897e-16, -3.10763397e-15, 
            -1.20745897e-16, 1, 4.19623778e-16, 
            3.10763397e-15, -4.19623778e-16, 1 ]
  - 
    time: 16.2848625
    refer: 
      type: Pose
      name: ""
      joints: [ 
        20, 23, 24, 25, 26, 29, 30, 31 ]
      q: [ 
        -1.08734012, -1.08559479, 1.45036861, -0.499164166, -1.08734012, -1.08559479, -1.53239908, 0.485201532 ]
  - 
    time: 16.3948524
    maxTransitionTime: 0.235511309
    refer: 
      type: Pose
      name: ""
      ikLinks: 
        - 
          name: WAIST
          index: 0
          isBaseLink: true
          translation: [ 0.0636859982, 0.0162887246, 0.74137394 ]
          rotation: [ 
            1, 1.20745897e-16, -3.10763397e-15, 
            -1.20745897e-16, 1, 4.19623778e-16, 
            3.10763397e-15, -4.19623778e-16, 1 ]
  - 
    time: 16.5918886
    maxTransitionTime: 0.416069979
    refer: 
      type: Pose
      name: ""
      ikLinks: 
        - 
