# Body pose sequence format version 1.0 defined by cnoid-Robotics

type: PoseSeq
name: "SR1WalkPattern2"
targetBody: "SR1"
refs: 
  - 
    time: 0
    refer: 
      type: Pose
      name: ""
      joints: [ 
        0, 1, 2, 3, 4, 5, 6, 7, 8, 
        9, 10, 11, 12, 13, 14, 15, 16, 17, 
        18, 19, 20, 21, 22, 23, 24, 25, 26, 
        27, 28 ]
      q: [ 
        0, -0.036652, 0, 0.07854, -0.041888, 0, 0.174533, -0.003491, 0, 
        -1.570796, 0, 0, 0, 0, -0.036652, 0, 0.07854, -0.041888, 
        0, 0.174533, -0.003491, 0, -1.570796, 0, 0, 0, 0, 
        0, 0 ]
      ikLinks: 
        - 
          name: WAIST
          index: 0
          isBaseLink: true
          translation: [ 9.14417338e-06, 0, 0.707499435 ]
          rotation: [ 
            1, 0, -1.38777878e-17, 
            0, 1, 0, 
            1.38777878e-17, 0, 1 ]
        - 
          name: LLEG_ANKLE_R
          index: 23
          translation: [ 0.0004, 0.09, 0.0545000013 ]
          rotation: [ 
            1, 0, -6.9388939e-18, 
            0, 1, 0, 
            6.9388939e-18, 0, 1 ]
          isTouching: true
          partingDirection: [ 0, 0, 1 ]
        - 
          name: RLEG_ANKLE_R
          index: 29
          translation: [ 0.0004, -0.09, 0.0545000013 ]
          rotation: [ 
            1, 0, -1.38777878e-17, 
            0, 1, 0, 
            1.38777878e-17, 0, 1 ]
          isTouching: true
          partingDirection: [ 0, 0, 1 ]
      zmp: [ 0.0383559077, -4.46462846e-05, 0 ]
      isZmpStationaryPoint: true
  - 
    time: 2.014
    refer: 
      type: Pose
      name: ""
      joints: [ 
        0, 1, 2, 3, 4, 5, 6, 7, 8, 
        9, 10, 11, 12, 13, 14, 15, 16, 17, 
        18, 19, 20, 21, 22, 23, 24, 25, 26, 
        27, 28 ]
      q: [ 
        0.0192, -0.286, 0, 0.774, -0.488, -0.0192, 0.175, -0.00349, 0, 
        -1.57, 0, 0, 0, 0.0192, -0.286, 0, 0.774, -0.488, 
        -0.0191999886, 0.175, 0.00349, 0, -1.57, 0, 0, 0, 0.0329273, 
        0.00896968, -0.021747 ]
      ikLinks: 
        - 
          name: WAIST
          index: 0
          isBaseLink: true
          translation: [ 0.0410137963, -0.0115986578, 0.658514112 ]
          rotation: [ 
            1, -2.25514036e-07, -2.64260243e-05, 
            2.25504108e-07, 1, -3.75706625e-07, 
            2.64260244e-05, 3.75700666e-07, 1 ]
        - 
          name: LLEG_ANKLE_R
          index: 23
          translation: [ 0.0001, 0.09, 0.0545018782 ]
          rotation: [ 
            1, -2.25514338e-07, -2.64260243e-05, 
            2.25504108e-07, 1, -3.8713341e-07, 
            2.64260244e-05, 3.87127451e-07, 1 ]
          isTouching: true
          partingDirection: [ 0, 0, 1 ]
        - 
          name: RLEG_ANKLE_R
          index: 29
          translation: [ 0.000100040593, -0.09, 0.0545018105 ]
          rotation: [ 
            1, -2.25514036e-07, -2.64260243e-05, 
            2.25504108e-07, 1, -3.75706625e-07, 
            2.64260244e-05, 3.75700666e-07, 1 ]
          isTouching: true
          partingDirection: [ 0, 0, 1 ]
  - 
    time: 5.01
    maxTransitionTime: 1.09185091
    refer: 
      type: Pose
      name: ""
      joints: [ 
        0, 1, 2, 3, 4, 5, 6, 7, 8, 
        9, 10, 11, 12, 19, 20, 21, 22, 23, 
        24, 25, 26, 27, 28 ]
      q: [ 
        -0.104999768, -0.528008072, -7.39996643e-13, 0.94199581, -0.413961843, 0.104999768, 0.175, -0.00349, 0, 
        -1.57, 0, 0, 0, 0.175, 0.00349, 0, -1.57, 0, 
        0, 0, 0.0294511984, -0.0134389614, -0.161704984 ]
      ikLinks: 
        - 
          name: WAIST
          index: 0
          isBaseLink: true
          translation: [ 0.0484073025, 0.0609281633, 0.65863289 ]
          rotation: [ 
            0.999998426, 0.00175187693, 0.000279766791, 
            -0.00175178489, 0.999998412, -0.000328920249, 
            -0.000280342574, 0.00032842964, 0.999999907 ]
        - 
          name: RLEG_ANKLE_R
          index: 29
          translation: [ 0.105400796, -0.0897720368, 0.0817468453 ]
          rotation: [ 
            0.999998414, 0.00175459084, 0.000305518488, 
            -0.00175449032, 0.999998407, -0.000328965396, 
            -0.000306095201, 0.000328428845, 0.999999899 ]
  - 
    time: 5.384
    refer: 
      type: Pose
      name: ""
      joints: [ 
        0, 1, 2, 3, 4, 5, 6, 7, 8, 
        9, 10, 11, 12, 19, 20, 21, 22, 23, 
        24, 25, 26, 27, 28 ]
      q: [ 
        -0.00448608461, -0.401534749, 0.00171957775, 0.776768438, -0.375334308, 0.00525274291, 0.175, -0.00349, 0, 
        -1.57, 0, 0, 0, 0.175, 0.00349, 0, -1.57, 0, 
        0, 0, 0.0286578, 0.00516945944, -0.153976 ]
      ikLinks: 
        - 
          name: WAIST
          index: 0
          isBaseLink: true
          translation: [ 0.0917137707, 0.00338640428, 0.658998207 ]
          rotation: [ 
            0.999998447, 0.00175921517, 0.000102944872, 
            -0.00175922598, 0.999998447, 0.00010501355, 
            -0.00010275997, -0.00010519449, 0.999999989 ]
        - 
          name: RLEG_ANKLE_R
          index: 29
          translation: [ 0.119699984, -0.0898000494, 0.054502926 ]
          rotation: [ 
            0.999999984, 0.000175910055, 9.94395868e-06, 
            -0.000175910159, 0.999999984, 1.04308412e-05, 
            -9.94212364e-06, -1.04325903e-05, 1 ]
          isTouching: true
          partingDirection: [ 0, 0, 1 ]
  - 
    time: 5.976
    maxTransitionTime: 0.374348885
    refer: 
      type: Pose
      name: ""
      joints: [ 
        6, 7, 8, 9, 10, 11, 12, 13, 14, 
        15, 16, 17, 18, 19, 20, 21, 22, 23, 
        24, 25, 26, 27, 28 ]
      q: [ 
        0.175, -0.00349, 0, -1.57, 0, 0, 0, 0.148998513, -0.364579343, 
        -2.91599666e-11, 0.948889335, -0.584041768, -0.148998513, 0.175, 0.00349, 0, -1.57, 0, 
        0, 0, 0.0267902229, 0.0251335557, -0.00822491738 ]
      ikLinks: 
        - 
          name: WAIST
          index: 0
          isBaseLink: true
          translation: [ 0.164052716, -0.0861509702, 0.660077644 ]
          rotation: [ 
            0.999969456, -0.0023768393, 0.00744564182, 
            0.00236189248, 0.999995179, 0.00201560904, 
            -0.0074503967, -0.00199796167, 0.999970249 ]
        - 
          name: LLEG_ANKLE_R
          index: 23
          translation: [ 0.11991639, 0.0887709504, 0.0859746699 ]
          rotation: [ 
            0.99996735, -0.00241665536, 0.00771088611, 
            0.00240117487, 0.999995085, 0.00201624075, 
            -0.00771572076, -0.00199765974, 0.999968238 ]
  - 
    time: 6.398
    refer: 
      type: Pose
      name: ""
      joints: [ 
        6, 7, 8, 9, 10, 11, 12, 13, 14, 
        15, 16, 17, 18, 19, 20, 21, 22, 23, 
        24, 25, 26, 27, 28 ]
      q: [ 
        0.175, -0.00349, 0, -1.57, 0, 0, 0, 0.124963278, -0.575985904, 
        -1.43484567e-11, 0.818976091, -0.243014691, -0.124963278, 0.175, 0.00349, 0, -1.57, 0, 
        0, 0, 0.0357459943, 0.0185231994, 0.162118714 ]
      ikLinks: 
        - 
          name: WAIST
          index: 0
          isBaseLink: true
          translation: [ 0.191273203, -0.073778977, 0.659346241 ]
          rotation: [ 
            0.999994697, 0.000180070421, 0.00325156181, 
            -0.000182116257, 0.999999786, 0.000628900581, 
            -0.00325144787, -0.000629489409, 0.999994516 ]
        - 
          name: LLEG_ANKLE_R
          index: 23
          translation: [ 0.30976224, 0.0890762788, 0.0757860533 ]
          rotation: [ 
            0.999994776, 0.00018312461, 0.00322724857, 
            -0.000185155171, 0.999999785, 0.000628905046, 
            -0.00322713271, -0.000629499302, 0.999994595 ]
  - 
    time: 6.612
    refer: 
      type: Pose
      name: ""
      joints: [ 
        6, 7, 8, 9, 10, 11, 12, 13, 14, 
        15, 16, 17, 18, 19, 20, 21, 22, 23, 
        24, 25, 26, 27, 28 ]
      q: [ 
        0.175, -0.00349, 0, -1.57, 0, 0, 0, -0.0156763399, -0.399297264, 
        0.00182832101, 0.777137067, -0.378662501, 0.0163983385, 0.175, 0.00349, 0, -1.57, 0, 
        0, 0, 0.0272585, 0.00958936, 0.163646 ]
      ikLinks: 
        - 
          name: WAIST
          index: 0
          isBaseLink: true
          translation: [ 0.293887431, 0.00921385189, 0.659007175 ]
          rotation: [ 
            0.999998067, 0.00171494306, 0.000962242492, 
            -0.00171495472, 0.999998529, 1.12927148e-05, 
            -0.00096222171, -1.29428952e-05, 0.999999537 ]
        - 
          name: LLEG_ANKLE_R
          index: 23
          translation: [ 0.3202, 0.0893000001, 0.0545302788 ]
          rotation: [ 
            0.999999986, 1.71869214e-05, 0.000166658871, 
            -1.71869363e-05, 1, 8.8516176e-08, 
            -0.000166658869, -9.13805301e-08, 0.999999986 ]
          isTouching: true
          partingDirection: [ 0, 0, 1 ]
  - 
    time: 7.108
    maxTransitionTime: 0.422374573
    refer: 
      type: Pose
      name: ""
      joints: [ 
        0, 1, 2, 3, 4, 5, 6, 7, 8, 
        9, 10, 11, 12, 19, 20, 21, 22, 23, 
        24, 25, 26, 27, 28 ]
      q: [ 
        -0.095412951, -0.0519395353, -6.98370619e-09, 0.771513118, -0.720073576, 0.0954129506, 0.175, -0.00349, 0, 
        -1.57, 0, 0, 0, 0.175, 0.00349, 0, -1.57, 0, 
        0, 0, 0.0288835472, -0.00295149347, 0.0983995247 ]
      ikLinks: 
        - 
          name: WAIST
          index: 0
          isBaseLink: true
          translation: [ 0.3480482, 0.0544069056, 0.659003434 ]
          rotation: [ 
            0.999998071, 0.0017023544, 0.000979857543, 
            -0.00170235496, 0.999998551, -2.69663113e-07, 
            -0.000979856582, -1.39840275e-06, 0.99999952 ]
        - 
          name: RLEG_ANKLE_R
          index: 29
          translation: [ 0.167870237, -0.0904142906, 0.0831622385 ]
          rotation: [ 
            0.999998515, 0.00165472797, 0.000482138906, 
            -0.00165472844, 0.999998631, 5.65782908e-07, 
            -0.000482137309, -1.36359103e-06, 0.999999884 ]
  - 
    time: 7.596
    refer: 
      type: Pose
      name: ""
      joints: [ 
        0, 1, 2, 3, 4, 5, 6, 7, 8, 
        9, 10, 11, 12, 19, 20, 21, 22, 23, 
        24, 25, 26, 27, 28 ]
      q: [ 
        -0.0979021723, -0.506945536, -2.7412655e-10, 0.945110838, -0.438276356, 0.0979021721, 0.175, -0.00349, 0, 
        -1.57, 0, 0, 0, 0.175, 0.00349, 0, -1.57, 0, 
        0, 0, 0.0382603931, -0.00178616784, -0.142417385 ]
      ikLinks: 
        - 
          name: WAIST
          index: 0
          isBaseLink: true
          translation: [ 0.365599605, 0.0559847157, 0.658938402 ]
          rotation: [ 
            0.999998506, 0.00172273311, 0.000143665743, 
            -0.00172273321, 0.999998516, 5.67663515e-07, 
            -0.000143664552, -8.15160413e-07, 0.99999999 ]
        - 
          name: RLEG_ANKLE_R
          index: 29
          translation: [ 0.409607545, -0.0908528359, 0.0810125555 ]
          rotation: [ 
            0.999998534, 0.00171187827, 3.31433266e-05, 
            -0.00171187829, 0.999998535, 7.57464587e-07, 
            -3.31419813e-05, -8.14200818e-07, 0.999999999 ]
  - 
    time: 7.914
    refer: 
      type: Pose
      name: ""
      joints: [ 
        0, 1, 2, 3, 4, 5, 6, 7, 8, 
        9, 10, 11, 12, 19, 20, 21, 22, 23, 
        24, 25, 26, 27, 28 ]
      q: [ 
        -0.0169010947, -0.417001216, 0, 0.778002257, -0.361000453, 0.0169010947, 0.175, -0.00349, 0, 
        -1.57, 0, 0, 0, 0.175, 0.00349, 0, -1.57, 0, 
        0, 0, 0.0364639243, 0.0117529493, -0.15343923 ]
      ikLinks: 
        - 
          name: WAIST
          index: 0
          isBaseLink: true
          translation: [ 0.402968348, 0.00937049589, 0.658287222 ]
          rotation: [ 
            0.999998516, 0.00172299124, 1.17533925e-05, 
            -0.00172299125, 0.999998516, 1.55179727e-06, 
            -1.17507013e-05, -1.57204596e-06, 1 ]
        - 
          name: RLEG_ANKLE_R
          index: 29
          translation: [ 0.44, -0.0909, 0.0545023303 ]
          rotation: [ 
            0.999998516, 0.00172300117, 1.23413254e-05, 
            -0.00172300119, 0.999998516, 1.55078426e-06, 
            -1.23386351e-05, -1.57204608e-06, 1 ]
          isTouching: true
          partingDirection: [ 0, 0, 1 ]
  - 
    time: 8.33055279
    maxTransitionTime: 0.292413166
    refer: 
      type: Pose
      name: ""
      joints: [ 
        6, 7, 8, 9, 10, 11, 12, 13, 14, 
        15, 16, 17, 18, 19, 20, 21, 22, 23, 
        24, 25, 26, 27, 28 ]
      q: [ 
        0.175, -0.00349, 0, -1.57, 0, 0, 0, 0.131, -0.151, 
        0, 0.829, -0.678, -0.131, 0.175, 0.00349, 0, -1.57, 0, 
        0, 0, 0.0318833, 0.0270765, -0.124227 ]
      ikLinks: 
        - 
          name: WAIST
          index: 0
          isBaseLink: true
          translation: [ 0.467762397, -0.0764253531, 0.659559741 ]
          rotation: [ 
            0.999993753, -0.000715937162, 0.00346136851, 
            0.000708531234, 0.999997458, 0.00214034853, 
            -0.00346289207, -0.00213788267, 0.999991719 ]
        - 
          name: LLEG_ANKLE_R
          index: 23
          translation: [ 0.33064805, 0.0884124097, 0.0815469107 ]
          rotation: [ 
            0.999993753, -0.000715937162, 0.00346136851, 
            0.000708531234, 0.999997458, 0.00214034853, 
            -0.00346289207, -0.00213788267, 0.999991719 ]
  - 
    time: 8.812
    refer: 
      type: Pose
      name: ""
      joints: [ 
        6, 7, 8, 9, 10, 11, 12, 13, 14, 
        15, 16, 17, 18, 19, 20, 21, 22, 23, 
        24, 25, 26, 27, 28 ]
      q: [ 
        0.175, -0.00349, 0, -1.57, 0, 0, 0, 0.158999177, -0.321137473, 
        -4.84161807e-10, 0.92105067, -0.600797094, -0.158999177, 0.175, 0.00349, 0, -1.57, 0, 
        0, 0, 0.0358771922, 0.0432126957, -0.0237608988 ]
      ikLinks: 
        - 
          name: WAIST
          index: 0
          isBaseLink: true
          translation: [ 0.484651181, -0.0931540278, 0.660416152 ]
          rotation: [ 
            0.99993117, -0.00654075228, 0.00974028576, 
            0.00651569118, 0.999975386, 0.00260244722, 
            -0.00975706797, -0.0025388034, 0.999949176 ]
        - 
          name: LLEG_ANKLE_R
          index: 23
          translation: [ 0.420064959, 0.0872800536, 0.0848573843 ]
          rotation: [ 
            0.999940196, -0.00640081348, 0.00886759516, 
            0.00637801559, 0.999976288, 0.00259682075, 
            -0.00888400667, -0.00254010779, 0.99995731 ]
  - 
    time: 9.332
    refer: 
      type: Pose
      name: ""
      joints: [ 
        6, 7, 8, 9, 10, 11, 12, 13, 14, 
        15, 16, 17, 18, 19, 20, 21, 22, 23, 
        24, 25, 26, 27, 28 ]
      q: [ 
        0.175, -0.00349, 0, -1.57, 0, 0, 0, 0.0803113235, -0.278364274, 
        3.99029545e-17, 0.755401115, -0.477036841, -0.0803113235, 0.175, 0.00349, 0, -1.57, 0, 
        0, 0, 0.0338585995, 0.0400849985, -0.0184752029 ]
      ikLinks: 
        - 
          name: WAIST
          index: 0
          isBaseLink: true
          translation: [ 0.480572639, -0.0500888102, 0.658960366 ]
          rotation: [ 
            0.999999888, -0.000474221818, -3.11021667e-06, 
            0.000474222024, 0.999999885, 6.68175819e-05, 
            3.07852996e-06, -6.68190493e-05, 0.999999998 ]
        - 
          name: LLEG_ANKLE_R
          index: 23
          translation: [ 0.439900001, 0.0884999992, 0.0545052952 ]
          rotation: [ 
            0.999999888, -0.000474221818, -3.11021668e-06, 
            0.000474222024, 0.999999885, 6.68175819e-05, 
            3.07852997e-06, -6.68190493e-05, 0.999999998 ]
          isTouching: true
          partingDirection: [ 0, 0, 1 ]
  - 
    time: 11.0735023
    refer: 
      type: Pose
      name: ""
      joints: [ 
        6, 7, 8, 9, 10, 11, 12, 19, 20, 
        21, 22, 23, 24, 25, 26, 27, 28 ]
      q: [ 
        0.175, -0.00349, 0, -1.57, 0, 0, 0, 0.175, 0.00349, 
        0, -1.57, 0, 0, 0, 0.0329217, 0.0103245, -0.0237539 ]
      ikLinks: 
        - 
          name: WAIST
          index: 0
          isBaseLink: true
          translation: [ 0.48087087, -0.0132002071, 0.658908205 ]
          rotation: [ 
            0.999999888, -0.000472985437, -2.45811877e-07, 
            0.000472985437, 0.999999888, 1.10209545e-06, 
            2.45290574e-07, -1.10221159e-06, 1 ]
  - 
    time: 13.29
    maxTransitionTime: 1.2281353
    refer: 
      type: Pose
      name: ""
      joints: [ 
        6, 7, 8, 9, 10, 11, 12, 19, 20, 
        21, 22, 23, 24, 25, 26, 27, 28 ]
      q: [ 
        0.175, -0.00349, 0, -1.57, 0, 0, 0, 0.175, 0.00349, 
        0, -1.57, 0, 0, 0, 0.000262385431, 7.47716156e-05, -0.000175866745 ]
      ikLinks: 
        - 
          name: WAIST
          index: 0
          isBaseLink: true
          translation: [ 0.440099998, -0.00159999665, 0.67650093 ]
          rotation: [ 
            0.999999864, -0.000468272975, -0.000231005011, 
            0.000468272609, 0.99999989, -1.63878359e-06, 
            0.000231005753, 1.53061005e-06, 0.999999973 ]
