# Body pose sequence format version 1.0 defined by cnoid-Robotics

type: PoseSeq
name: "SampleMotion1"
targetBody: "GR001"
refs: 
  - 
    time: 0
    refer: 
      type: Pose
      name: ""
      joints: [ 
        0, 1, 2, 3, 4, 5, 6, 7, 8, 
        9, 10, 11, 12, 13, 14, 15, 16, 17, 
        18, 19 ]
      q: [ 
        -1.80616593e-19, 0.00197016157, 0.370920524, -0.701176708, -0.330256184, 0.00197016157, -6.05607271e-19, 0.00197016157, -0.370920524, 
        0.701176708, 0.330256184, 0.00197016157, 0, 0, 0.34906585, 0, -0.34906585, -0.34906585, 
        0, 0.34906585 ]
      ikLinks: 
        - 
          name: WAIST
          index: 0
          isBaseLink: true
          translation: [ -0.00206589105, 0.000206960048, 0.154197111 ]
          rotation: [ 
            1, 7.25663958e-19, 7.30074269e-16, 
            -4.21994409e-19, 1, 3.56094663e-15, 
            -5.75440303e-16, -3.56007164e-15, 1 ]
        - 
          name: R_ANKLE_R
          index: 6
          translation: [ 0.0252, -0.0196, 0.0211500007 ]
          rotation: [ 
            1, 2.24612932e-19, 3.84078922e-16, 
            1.03126261e-19, 1, 8.67361738e-19, 
            -2.21312768e-16, 7.62329653e-21, 1 ]
          isTouching: true
          partingDirection: [ 0, 0, 1 ]
        - 
          name: L_ANKLE_R
          index: 12
          translation: [ 0.0252, 0.0196, 0.0211500007 ]
          rotation: [ 
            1, -8.37197087e-19, -3.70579372e-16, 
            1.17298181e-18, 1, 6.37075926e-16, 
            5.86146799e-16, -6.35548514e-16, 1 ]
          isTouching: true
          partingDirection: [ 0, 0, 1 ]
      zmp: [ 0.0202, -5.67254577e-16, 0 ]
      isZmpStationaryPoint: true
  - 
    time: 1.5
    maxTransitionTime: 0.541666667
    refer: 
      type: Pose
      name: ""
      joints: [ 
        12, 13, 14, 15, 16, 17, 18, 19 ]
      q: [ 
        0, 0, -0.172787596, -1.5271631, -0.802851456, 0.172787596, 1.5271631, 0.34906585 ]
      ikLinks: 
        - 
          name: WAIST
          index: 0
          isBaseLink: true
          translation: [ -0.00170177353, 0.000206686534, 0.154270653 ]
          rotation: [ 
            0.989016678, -1.0618018e-05, -0.147803962, 
            1.05159591e-05, 1, -1.4719432e-06, 
            0.147803962, -9.85240516e-08, 0.989016678 ]
  - 
    time: 2.46666667
    maxTransitionTime: 0.558333333
    refer: 
      type: Pose
      name: ""
      joints: [ 
        12, 13, 14, 15, 16, 17, 18, 19 ]
      q: [ 
        0.00263595484, 0.354301838, -0.202445604, -1.65626266, -0.549886095, -0.62066345, 0.667445809, 1.41804495 ]
      ikLinks: 
        - 
          name: WAIST
          index: 0
          isBaseLink: true
          translation: [ -0.00231165222, 0.000286113927, 0.154157425 ]
          rotation: [ 
            0.854382857, 0.344858111, 0.388719458, 
            -0.342913079, 0.936216263, -0.0768747615, 
            -0.390436363, -0.0676165079, 0.918143482 ]
  - 
    time: 2.99166667
    maxTransitionTime: 0.341666667
    refer: 
      type: Pose
      name: ""
      joints: [ 
        12, 13, 14, 15, 16, 17, 18, 19 ]
      q: [ 
        0.00263653005, 0, 0.205694412, -1.16597616, -0.98031669, -0.212686887, 1.15757596, 0.987788984 ]
      ikLinks: 
        - 
          name: WAIST
          index: 0
          isBaseLink: true
          translation: [ 0.00557454746, -2.64736876e-05, 0.143289054 ]
          rotation: [ 
            0.914441672, 0.00288814826, 0.40470741, 
            -5.23028162e-05, 0.999975372, -0.00701803127, 
            -0.404717712, 0.00639641291, 0.914419302 ]
  - 
    time: 3.48333333
    maxTransitionTime: 0.516666667
    refer: 
      type: Pose
      name: ""
      joints: [ 
        12, 13, 14, 15, 16, 17, 18, 19 ]
      q: [ 
        0.00263595492, -0.422369679, 0.620629366, -0.667486757, -1.418009, 0.202411496, 1.65622169, 0.549922076 ]
      ikLinks: 
        - 
          name: WAIST
          index: 0
          isBaseLink: true
          translation: [ 0.0141276682, -0.000322323269, 0.150963912 ]
          rotation: [ 
            0.840461288, -0.342483373, 0.419916614, 
            0.343579605, 0.936061362, 0.0757771775, 
            -0.419020141, 0.0805870002, 0.90439364 ]
  - 
    time: 4.00833333
    maxTransitionTime: 0.341666667
    refer: 
      type: Pose
      name: ""
      joints: [ 
        12, 13, 14, 15, 16, 17, 18, 19 ]
      q: [ 
        0.00263653005, 0, 0.205694412, -1.16597616, -0.98031669, -0.212686887, 1.15757596, 0.987788984 ]
      ikLinks: 
        - 
          name: WAIST
          index: 0
          isBaseLink: true
          translation: [ 0.00557454746, -2.64736876e-05, 0.143289054 ]
          rotation: [ 
            0.914441672, 0.00288814826, 0.40470741, 
            -5.23028162e-05, 0.999975372, -0.00701803127, 
            -0.404717712, 0.00639641291, 0.914419302 ]
  - 
    time: 4.49166667
    maxTransitionTime: 0.541666667
    refer: 
      type: Pose
      name: ""
      joints: [ 
        12, 13, 14, 15, 16, 17, 18, 19 ]
      q: [ 
        0, 0, -0.172787596, -1.5271631, -0.802851456, 0.172787596, 1.5271631, 0.34906585 ]
      ikLinks: 
        - 
          name: WAIST
          index: 0
          isBaseLink: true
          translation: [ -0.00170177353, 0.000206686534, 0.154270653 ]
          rotation: [ 
            0.989016678, -1.0618018e-05, -0.147803962, 
            1.05159591e-05, 1, -1.4719432e-06, 
            0.147803962, -9.85240516e-08, 0.989016678 ]
  - 
    time: 5.025
    refer: 
      type: Pose
      name: ""
      joints: [ 
        12, 13, 14, 15, 16, 17, 18, 19 ]
      q: [ 
        0, 0.326291052, 0.942000489, -0.906487926, -1.25535486, 1.46282615, 0.771257023, 1.18819094 ]
      ikLinks: 
        - 
          name: WAIST
          index: 0
          isBaseLink: true
          translation: [ -0.00595981699, 0.00698479091, 0.147243988 ]
          rotation: [ 
            0.999982472, -0.00179845846, -0.00564107445, 
            1.07496363e-05, 0.953301255, -0.302021056, 
            0.00592081567, 0.302015701, 0.953284564 ]
  - 
    time: 5.525
    refer: 
      type: Pose
      name: ""
      joints: [ 
        12, 13, 14, 15, 16, 17, 18, 19 ]
      q: [ 
        0, 9.72347334e-05, 0.581302161, -1.03668676, -0.92861256, 1.28636026, 0.834248605, 0.836117661 ]
      ikLinks: 
        - 
          name: WAIST
          index: 0
          isBaseLink: true
          translation: [ -0.00576741128, -0.000178572423, 0.15122398 ]
          rotation: [ 
            0.993234316, 0.00517775005, -0.116011999, 
            -9.85958498e-05, 0.999042755, 0.0437443105, 
            0.116127444, -0.043436912, 0.992284058 ]
  - 
    time: 6.01666667
    refer: 
      type: Pose
      name: ""
      joints: [ 
        12, 13, 14, 15, 16, 17, 18, 19 ]
      q: [ 
        0, 0.326291052, 0.942000489, -0.906487926, -1.25535486, 1.46282615, 0.771257023, 1.18819094 ]
      ikLinks: 
        - 
          name: WAIST
          index: 0
          isBaseLink: true
          translation: [ -0.00595981699, 0.00698479091, 0.147243988 ]
          rotation: [ 
            0.999982472, -0.00179845846, -0.00564107445, 
            1.07496363e-05, 0.953301255, -0.302021056, 
            0.00592081567, 0.302015701, 0.953284564 ]
  - 
    time: 6.54166667
    maxTransitionTime: 0.541666667
    refer: 
      type: Pose
      name: ""
      joints: [ 
        12, 13, 14, 15, 16, 17, 18, 19 ]
      q: [ 
        0, 9.84430804e-06, -0.172753962, -1.52714437, -0.802865108, 0.172826517, 1.52714029, 0.349091167 ]
      ikLinks: 
        - 
          name: WAIST
          index: 0
          isBaseLink: true
          translation: [ -0.000709439304, 0.0272837379, 0.14415081 ]
          rotation: [ 
            0.989019285, -0.000140269134, -0.147786448, 
            1.26891509e-05, 0.999999626, -0.000864215013, 
            0.147786514, 0.00085285003, 0.989018917 ]
  - 
    time: 7.15871683
    maxTransitionTime: 0.724353292
    refer: 
      type: Pose
      name: ""
      joints: [ 
        0, 1, 2, 3, 4, 5, 12, 13, 14, 
        15, 16, 17, 18, 19 ]
      q: [ 
        -0.00448554345, 0.158707861, 0.0575528145, -0.87765158, -0.254806122, 0.0113587088, 0, -0.387463094, -0.888372589, 
        -1.30899694, -1.55159771, -0.750491578, 1.18333323, 0.900589894 ]
      ikLinks: 
        - 
          name: WAIST
          index: 0
          isBaseLink: true
          translation: [ -0.00218358137, 0.0359159308, 0.154265647 ]
          rotation: [ 
            0.999850594, 0.0169426471, 0.0034257387, 
            -0.0172852919, 0.979002044, 0.203116263, 
            8.75219726e-05, -0.203145131, 0.979148634 ]
        - 
          name: R_ANKLE_R
          index: 6
          translation: [ -0.0143382891, -0.0216689863, 0.0441276821 ]
          rotation: [ 
            0.840607085, 0.0267631026, 0.540983794, 
            -0.208611213, 0.937726404, 0.277759883, 
            -0.499861072, -0.346342211, 0.793842542 ]
  - 
    time: 7.83107165
    maxTransitionTime: 0.328014784
    refer: 
      type: Pose
      name: ""
      joints: [ 
        0, 1, 2, 3, 4, 5, 12, 13, 14, 
        15, 16, 17, 18, 19 ]
      q: [ 
        -0.130863974, 0.227028823, 0.903551924, -0.934143105, -0.153307758, -0.0196133095, 0, -0.387463094, -0.125452629, 
        -0.916723361, -1.23611023, -1.00903081, 1.10115248, 0.800432771 ]
      ikLinks: 
        - 
          name: WAIST
          index: 0
          isBaseLink: true
          translation: [ -0.00632375134, 0.0370071214, 0.154259643 ]
          rotation: [ 
            0.981132548, -0.13053257, 0.142618974, 
            0.0973393867, 0.970867715, 0.218954159, 
            -0.167044806, -0.200940609, 0.965255875 ]
        - 
          name: R_ANKLE_R
          index: 6
          translation: [ 0.043821894, -0.0304316716, 0.0390835821 ]
          rotation: [ 
            0.999304947, -0.0337694092, 0.0157876539, 
            0.0230297452, 0.892288296, 0.450878284, 
            -0.0293130321, -0.450201314, 0.892445809 ]
  - 
    time: 8.18024868
    refer: 
      type: Pose
      name: ""
      joints: [ 
        0, 1, 2, 3, 4, 5, 12, 13, 14, 
        15, 16, 17, 18, 19 ]
      q: [ 
        -0.13240401, 0.285252766, 1.26631178, -0.945796389, -0.282969297, 0.0350767145, 0, -0.387463094, 0.483781988, 
        -0.727534958, -0.947549306, -1.50969822, 0.960895056, 0.454597378 ]
      ikLinks: 
        - 
          name: WAIST
          index: 0
          isBaseLink: true
          translation: [ -0.0069119989, 0.0368694778, 0.154226214 ]
          rotation: [ 
            0.97293155, -0.114419492, 0.200779429, 
            0.0687961848, 0.972838195, 0.221026994, 
            -0.220615694, -0.201231277, 0.954376597 ]
        - 
          name: R_ANKLE_R
          index: 6
          translation: [ 0.0664605398, -0.030431704, 0.0496545353 ]
          rotation: [ 
            0.918242056, -0.0558642713, -0.392059575, 
            0.226221579, 0.886569969, 0.403506489, 
            0.325046649, -0.459208964, 0.826723535 ]
  - 
    time: 9.01615732
    maxTransitionTime: 0.529056104
    refer: 
      type: Pose
      name: ""
      joints: [ 
        0, 1, 2, 3, 4, 5, 12, 13, 14, 
        15, 16, 17, 18, 19 ]
      q: [ 
        -0.000871297291, 0.29927517, 0.52329174, -0.953265731, -0.43274688, 0.298156892, 0, -0.00173207729, 0.349668072, 
        -0.37533689, -0.351464137, -0.370906241, 0.389208423, 0.349380348 ]
      ikLinks: 
        - 
          name: WAIST
          index: 0
          isBaseLink: true
          translation: [ -0.00287269103, 0.0297707957, 0.144534584 ]
          rotation: [ 
            0.999999465, -0.00028591801, 0.000994134096, 
            0.000284994235, 0.999999528, 0.000929243977, 
            -0.000994399314, -0.000928960157, 0.999999074 ]
        - 
          name: R_ANKLE_R
          index: 6
          translation: [ 0.0253871799, -0.0193565247, 0.0212777166 ]
          rotation: [ 
            0.999998603, -0.000230293824, -0.00165575874, 
            0.000233684636, 0.999997876, 0.0020479879, 
            0.00165528359, -0.00204837197, 0.999996532 ]
          isTouching: true
          partingDirection: [ 0, 0, 1 ]
  - 
    time: 9.65102465
    maxTransitionTime: 0.677191813
    refer: 
      type: Pose
      name: ""
      joints: [ 
        12, 13, 14, 15, 16, 17, 18, 19 ]
      q: [ 
        0, 0, 0.34906585, 0, -0.34906585, -0.34906585, 0, 0.34906585 ]
      ikLinks: 
        - 
          name: WAIST
          index: 0
          isBaseLink: true
          translation: [ -0.00206589105, 0.000206960048, 0.154197111 ]
          rotation: [ 
            1, 7.25663958e-19, 7.30074269e-16, 
            -4.21994409e-19, 1, 3.56094663e-15, 
            -5.75440303e-16, -3.56007164e-15, 1 ]
