#VRML V2.0 utf8

PROTO Joint [
 exposedField SFVec3f    center           0 0 0
 exposedField MFNode     children         []
 exposedField MFFloat    llimit           []
 exposedField MFFloat    lvlimit          []
 exposedField SFRotation limitOrientation 0 0 1 0
 exposedField SFString   name             ""
 exposedField SFRotation rotation         0 0 1 0
 exposedField SFVec3f    scale            1 1 1
 exposedField SFRotation scaleOrientation 0 0 1 0
 exposedField MFFloat    stiffness        [ 0 0 0 ]
 exposedField SFVec3f    translation      0 0 0
 exposedField MFFloat    ulimit           []
 exposedField MFFloat    uvlimit          []
 exposedField SFString   jointType        ""
 exposedField SFInt32    jointId          -1
 exposedField SFVec3f    jointAxis        0 0 1
 exposedField SFFloat    gearRatio        1
 exposedField SFFloat    rotorInertia     0
 exposedField SFFloat    rotorResistor    0
 exposedField SFFloat    torqueConst      1
 exposedField SFFloat    encoderPulse     1
]
{
  Transform {
    center           IS center
    children         IS children
    rotation         IS rotation
    scale            IS scale
    scaleOrientation IS scaleOrientation
    translation      IS translation
  }
}

PROTO Segment [
 field         SFVec3f  bboxCenter       0 0 0
 field         SFVec3f  bboxSize         -1 -1 -1
 exposedField  SFVec3f  centerOfMass     0 0 0
 exposedField  MFNode   children         [ ]
 exposedField  SFNode   coord            NULL
 exposedField  MFNode   displacers       [ ]
 exposedField  SFFloat  mass             0 
 exposedField  MFFloat  momentsOfInertia [ 0 0 0 0 0 0 0 0 0 ]
 exposedField  SFString name             ""
 eventIn       MFNode   addChildren
 eventIn       MFNode   removeChildren
]
{
  Group {
    addChildren    IS addChildren
    bboxCenter     IS bboxCenter
    bboxSize       IS bboxSize
    children       IS children
    removeChildren IS removeChildren
  }
}

PROTO Surface [
 field   SFVec3f bboxCenter 0 0 0
 field   SFVec3f bboxSize   -1 -1 -1
 field   MFNode  visual     [ ]
 field   MFNode  collision  [ ]
 eventIn MFNode  addChildren
 eventIn MFNode  removeChildren
]
{
  Group {
    addChildren    IS addChildren
    bboxCenter     IS bboxCenter
    bboxSize       IS bboxSize
    children       IS visual
    removeChildren IS removeChildren
  }
}

PROTO Humanoid [
 field        SFVec3f    bboxCenter       0 0 0
 field        SFVec3f    bboxSize         -1 -1 -1
 exposedField SFVec3f    center           0 0 0
 exposedField MFNode     humanoidBody     [ ]
 exposedField MFString   info             [ ]
 exposedField MFNode     joints           [ ]
 exposedField SFString   name             ""
 exposedField SFRotation rotation         0 0 1 0
 exposedField SFVec3f    scale            1 1 1
 exposedField SFRotation scaleOrientation 0 0 1 0
 exposedField MFNode     segments         [ ]
 exposedField MFNode     sites            [ ]
 exposedField SFVec3f    translation      0 0 0
 exposedField SFString   version          "1.1"
 exposedField MFNode     viewpoints       [ ]
]
{
  Transform {
    bboxCenter       IS bboxCenter
    bboxSize         IS bboxSize
    center           IS center
    rotation         IS rotation
    scale            IS scale
    scaleOrientation IS scaleOrientation
    translation      IS translation
    children [
      Group {
        children IS viewpoints
      }
      Group {
        children IS humanoidBody 
      }
    ]
  }
}

PROTO VisionSensor [
 exposedField SFVec3f    translation       0 0 0
 exposedField SFRotation rotation          0 0 1 0
 exposedField MFNode     children          [ ]
 exposedField SFFloat    fieldOfView       0.785398
 exposedField SFString   name              ""
 exposedField SFFloat    frontClipDistance 0.01
 exposedField SFFloat    backClipDistance  10.0
 exposedField SFString   type              "NONE"
 exposedField SFInt32    sensorId          -1
 exposedField SFInt32    width             320
 exposedField SFInt32    height            240
 exposedField SFFloat    frameRate         30
]
{
  Transform {
    rotation    IS rotation
    translation IS translation
    children    IS children
  }
}


PROTO ForceSensor [  
 exposedField SFVec3f    maxForce    -1 -1 -1
 exposedField SFVec3f    maxTorque   -1 -1 -1
 exposedField SFVec3f    translation 0 0 0
 exposedField SFRotation rotation    0 0 1 0
 exposedField MFNode     children    [ ]
 exposedField SFInt32    sensorId    -1
]
{
  Transform {
    translation IS translation
    rotation    IS rotation
    children    IS children
  }
}

PROTO Gyro [
 exposedField SFVec3f    maxAngularVelocity -1 -1 -1
 exposedField SFVec3f    translation        0 0 0
 exposedField SFRotation rotation           0 0 1 0
 exposedField MFNode     children           [ ]
 exposedField SFInt32    sensorId           -1
]
{
  Transform {
    translation IS translation
    rotation    IS rotation
    children    IS children
  }
}

PROTO AccelerationSensor [
 exposedField SFVec3f    maxAcceleration -1 -1 -1
 exposedField SFVec3f    translation     0 0 0
 exposedField SFRotation rotation        0 0 1 0
 exposedField MFNode     children        [ ]
 exposedField SFInt32    sensorId        -1
]
{
  Transform {
    translation IS translation
    rotation    IS rotation
    children    IS children
  }
}

DEF GR001 Humanoid{
  humanoidBody [

   DEF WAIST Joint {
     jointType "free"
     translation 0 0 0.1605
     children[
       DEF WAIST_LINK Segment{
	 centerOfMass 0.014070775509439625 -0.0010642631392533723 0.018082091556018958
	 mass 0.16852 
	 momentsOfInertia[
	  7.5307790665527126e-05 -1.7122423225418951e-06 -7.9600885666462265e-06 
	  -1.7122423225418951e-06 9.8462174358634891e-05 1.6233365559722733e-06 
	  -7.9600885666462265e-06 1.6233365559722733e-06 0.00012629712705606254 ]
	 children[
	   Inline { url "parts/WAIST.wrl" }
	 ]
       }

       DEF R_HIP_Y Joint {
	 jointType "rotate"
	 jointId 0
	 jointAxis 0.0 0.0 1.0 
	 translation 0 -0.0221 0
	 ulimit [0.524 ]
	 llimit [-2.618 ]
	 uvlimit [ ]
	 lvlimit [ ]
	 rotorInertia 1.0
	 rotorResistor 1.0
	 children[
	   DEF R_HIP_Y_LINK Segment{
	     centerOfMass 0.0098738158196746834 0.0019351632042820921 -0.010641978258911932
	     mass 0.01075 
	     momentsOfInertia [
	      1.9516618643475393e-06 -4.4794177287632572e-07 4.8697160385938456e-07 
	      -4.4794177287632572e-07 5.0103304284609765e-06 1.1632114977313334e-08 
	      4.8697160385938456e-07 1.1632114977313334e-08 5.440099096984392e-06 ]
	     children[
	       Inline { url "parts/R_HIP_Y.wrl" }
	     ]
	   }
	   DEF R_HIP_R Joint {
	     jointType "rotate"
	     jointId 1
	     jointAxis -1 0 0
	     translation 0 0.0025 -0.028
	     ulimit [1.571 ]
	     llimit [-1.571 ]
	     uvlimit [ ]
	     lvlimit [ ]
	     rotorInertia 1.0
	     rotorResistor 1.0
	     children[
	       DEF R_HIP_R_LINK Segment{
		 centerOfMass 0.013202756254495145 5.5007249363651409e-05 -0.0093736922025596577 
		 mass 0.06587 
		 momentsOfInertia [
		  1.1527391880654788e-05 3.3279576102840693e-07 1.8461834995431493e-06 
		  3.3279576102840693e-07 1.933034542735627e-05 -1.0226135519064636e-07 
		  1.8461834995431493e-06 -1.0226135519064636e-07 1.4225997781058221e-05 ]
		 children[
		   Inline { url "parts/R_HIP_R.wrl" }
		 ]
	       }
	       DEF R_HIP_P Joint {
		 jointType "rotate"
		 jointId 2
		 jointAxis 0 -1 0
		 translation 0.029 0.0 -0.005 
		 ulimit [2.094 ]
		 llimit [-0.698 ]
		 uvlimit [ ]
		 lvlimit [ ]
		 rotorInertia 1.0
		 rotorResistor 1.0
		 children[
		   DEF R_HIP_P_LINK Segment{
		     centerOfMass 0.012315059064213048 -0.0026831832924373755 -0.036400277402077907 
		     mass 0.04249 
		     momentsOfInertia[
		      1.082813917097787e-05 -2.7126598481517409e-07 1.8370007325714608e-07 
		      -2.7126598481517409e-07 1.1393542083797361e-05 8.7593994599052584e-07 
		      1.8370007325714608e-07 8.7593994599052584e-07 8.3880053868115751e-06 ]
		     children[
		       Inline { url "parts/R_HIP_P.wrl" }
		     ]
		   }
		   DEF R_KNEE_P Joint {
		     jointType "rotate"
		     jointId 3
		     jointAxis 0 -1 0
		     translation 0 0 -0.048 
		     ulimit [0.0 ]
		     llimit [-2.269 ]
		     uvlimit [ ]
		     lvlimit [ ]
		     rotorInertia 1.0
		     rotorResistor 1.0
		     children[
		       DEF R_KNEE_P_LINK Segment{
			 centerOfMass 0.0054334208830912611 -0.0045557250577152588 -0.022327982304852591 
			 mass 0.01307 
			 momentsOfInertia [
			  7.8215085179879079e-06 -1.9125278185636929e-07 -8.0678174194219455e-07 
			  -1.9125278185636929e-07 5.3468754380240647e-06 -3.1722504110141287e-07 
			  -8.0678174194219455e-07 -3.1722504110141287e-07 3.7864977034795684e-06 ]
			 children[
			   Inline { url "parts/R_KNEE_P.wrl" }
			 ]
		       }
		       DEF R_ANKLE_P Joint {
			 jointType "rotate"
			 jointId 4
			 jointAxis 0 1 0 
			 translation 0 0 -0.059
			 ulimit [1.047 ]
			 llimit [-1.658 ]
			 uvlimit [ ]
			 lvlimit [ ]
			 rotorInertia 1.0
			 rotorResistor 1.0
			 children[
			   DEF R_ANKLE_P_LINK Segment{
			     centerOfMass -0.010514983772173681 -0.00092494740382487032 0.006396772110621252 
			     mass 0.0656 
			     momentsOfInertia [
			      1.1506271948838844e-05 3.6112601146108375e-07 -1.0960578172280234e-08 
			      3.6112601146108375e-07 2.1019676061582625e-05 2.8207268765248394e-08 
			      -1.0960578172280234e-08 2.8207268765248394e-08 1.5933452986563463e-05 ]
			     children[
			       Inline { url "parts/R_ANKLE_P.wrl" }
			     ]
			   }
			   DEF R_ANKLE_R Joint {
			     jointType "rotate"
			     jointId 5
			     jointAxis 1 0 0
			     translation 0 0 0.0005
			     ulimit [1.571 ]
			     llimit [-0.785 ]
			     uvlimit [ ]
			     lvlimit [ ]
			     rotorInertia 1.0
			     rotorResistor 1.0
			     children[
			       DEF R_ANKLE_R_LINK Segment{
				 centerOfMass -0.012299329345648103 -0.011256454634381104 -0.018194268448920348 
				 mass 0.01792 
				 momentsOfInertia[
				  5.102862742548993e-06 -1.4311400561157794e-08 -1.2500454265702693e-08 
				  -1.4311400561157794e-08 1.1932351766822529e-05 -4.1556885057173572e-07 
				  -1.2500454265702693e-08 -4.1556885057173572e-07 1.5962207274521142e-05 ]
				 children[
				   Surface {
				     visual [ Inline { url "parts/R_ANKLE_R.wrl" } ]
				     collision [
				      Transform {
					translation -0.0125 -0.0135 -0.0202
					children [
					  Shape { geometry Box { size 0.086 0.057 0.002 } }
					]
				      }
				     ]
				   }
				 ]
			       }
			     ]
			   }
			 ]
		       }
		     ]
		   }
		 ]
	       }
	     ]
	   }
	 ]
       }

       DEF L_HIP_Y Joint {
	 jointType "rotate"
	 jointId 6
	 jointAxis 0.0 0.0 1.0 
	 translation 0 0.0221 0
	 ulimit [2.618 ]
	 llimit [-0.524 ]
	 uvlimit [ ]
	 lvlimit [ ]
	 rotorInertia 1.0
	 rotorResistor 1.0
	 children[
	   DEF L_HIP_Y_LINK Segment{
	     centerOfMass 0.0098738158196747094 -0.0019351632042820964 -0.008641978258911916
	     mass 0.01075 
	     momentsOfInertia [
	      1.9516618643475554e-06 4.4794177287632705e-07 4.8697160385938657e-07 
	      4.4794177287632705e-07 5.0103304284609951e-06 -1.1632114977312446e-08 
	      4.8697160385938657e-07 -1.1632114977312446e-08 5.440099096984425e-06 ]
	     children[
	       Inline { url "parts/L_HIP_Y.wrl" }
	     ]
	   }
	   DEF L_HIP_R Joint {
	     jointType "rotate"
	     jointId 7
	     jointAxis -1 0 0
	     translation 0 -0.0025 -0.028
	     ulimit [1.571 ]
	     llimit [-1.571 ]
	     uvlimit [ ]
	     lvlimit [ ]
	     rotorInertia 1.0
	     rotorResistor 1.0
	     children[
	       DEF L_HIP_R_LINK Segment{
		 centerOfMass 0.013202756254495143 -5.5007249363677958e-05 -0.0093736922025596525 
		 mass 0.06587 
		 momentsOfInertia [
		  1.1527391880654793e-05 -3.3279576102840529e-07 1.846183499543155e-06 
		  -3.3279576102840529e-07 1.9330345427356294e-05 1.022613551906479e-07 
		  1.846183499543155e-06 1.022613551906479e-07 1.4225997781058231e-05 ]
		 children[
		   Inline { url "parts/L_HIP_R.wrl" }
		 ]
	       }
	       DEF L_HIP_P Joint {
		 jointType "rotate"
		 jointId 8
		 jointAxis 0 1 0
		 translation 0.029 0.0 -0.005
		 ulimit [ 0.698 ]
		 llimit [-2.094 ]
		 uvlimit [ ]
		 lvlimit [ ]
		 rotorInertia 1.0
		 rotorResistor 1.0
		 children[
		   DEF L_HIP_P_LINK Segment{
		     centerOfMass 0.012315059064213051 0.0026831832924373968 -0.036400277402077907 
		     mass 0.04249 
		     momentsOfInertia [
		      1.0828139170977909e-05 2.7126598481517499e-07 1.8370007325714884e-07 
		      2.7126598481517499e-07 1.139354208379742e-05 -8.7593994599052404e-07 
		      1.8370007325714884e-07 -8.7593994599052404e-07 8.3880053868115531e-06 ]
		     children[
		       Inline { url "parts/L_HIP_P.wrl" }
		     ]
		   }
		   DEF L_KNEE_P Joint {
		     jointType "rotate"
		     jointId 9
		     jointAxis 0 1 0
		     translation 0 0 -0.048
		     ulimit [2.269 ]
		     llimit [0.0]
		     uvlimit [ ]
		     lvlimit [ ]
		     rotorInertia 1.0
		     rotorResistor 1.0
		     children[
		       DEF L_KNEE_P_LINK Segment{
			 centerOfMass 0.0050944529332231933 0.0052148671697826937 -0.022550612186734664 
			 mass 0.01307 
			 momentsOfInertia [
			  7.7867091563422099e-06 2.6555643813326173e-07 -8.1173670094028792e-07 
			  2.6555643813326173e-07 5.2539557271461073e-06 3.6707383373694058e-07 
			  -8.1173670094028792e-07 3.6707383373694058e-07 3.8741968358549516e-06 ]
			 children[
			   Inline { url "parts/L_KNEE_P.wrl" }
			 ]
		       }
		       DEF L_ANKLE_P Joint {
			 jointType "rotate"
			 jointId 10
			 jointAxis 0 -1 0
			 translation 0 0 -0.059
			 ulimit [1.658 ]
			 llimit [-1.047 ]
			 uvlimit [ ]
			 lvlimit [ ]
			 rotorInertia 1.0
			 rotorResistor 1.0
			 children[
			   DEF L_ANKLE_P_LINK Segment{
			     centerOfMass -0.010514983772173688 0.0009249473053786659 0.0063967712285226755 
			     mass 0.0656 
			     momentsOfInertia [
			      1.1506271948838858e-05 -3.6112602191375958e-07 -1.096023377566418e-08 
			      -3.6112602191375958e-07  2.1019676007776897e-05 -2.8212119365793259e-08 
			      -1.096023377566418e-08 -2.8212119365793259e-08 1.5933453040369218e-05 ]
			     children[
			       Inline { url "parts/L_ANKLE_P.wrl" }
			     ]
			   }
			   DEF L_ANKLE_R Joint {
			     jointType "rotate"
			     jointId 11
			     jointAxis 1 0 0
			     translation 0 0 0.0005
			     ulimit [0.785 ]
			     llimit [-1.571 ]
			     uvlimit [ ]
			     lvlimit [ ]
			     rotorInertia 1.0
			     rotorResistor 1.0
			     children[
			       DEF L_ANKLE_R_LINK Segment{
				 centerOfMass -0.012299329345648083 0.011256454634381099 -0.018194268448920352 
				 mass 0.01792 
				 momentsOfInertia [
				  5.102862742548993e-06 -1.4311400561157794e-08 -1.2500454265702693e-08 
				  -1.4311400561157794e-08 1.1932351766822529e-05 -4.1556885057173572e-07 
				  -1.2500454265702693e-08 -4.1556885057173572e-07 1.5962207274521142e-05 ]
				 children[
				   Surface {
				     visual [ Inline { url "parts/L_ANKLE_R.wrl" } ]
				     collision [
				      Transform {
					translation -0.0125 0.0135 -0.0202
					children [
					  Shape { geometry Box { size 0.086 0.057 0.002 } }
					]
				      }
				     ]
				   }
				 ]
			       }
			     ]
			   }
			 ]
		       }
		     ]
		   }
		 ]
	       }
	     ]
	   }
	 ]
       }

       DEF CHEST_P Joint {
	 jointType "rotate"
	 jointId 12
	 jointAxis 0 -1 0
	 translation 0.044 0.0 0.02
	 ulimit [0.0]
	 llimit [-1.658 ]
	 uvlimit [ ]
	 lvlimit [ ]
	 rotorInertia 1.0
	 rotorResistor 1.0
	 children[
	   DEF CHEST_P_LINK Segment{
	     centerOfMass -0.020730842888781902 0.00025411885296551366 0.042966477725380772 
	     mass 0.12824 
	     momentsOfInertia [
	      7.4792345496270588e-05 -2.0460700160580106e-08 2.6612836351540438e-06 
	      -2.0460700160580106e-08 5.6631637624553763e-05 1.5956077735064471e-08 
	      2.6612836351540438e-06 1.5956077735064471e-08 0.0001061030019683906 ]
	     children[
	       Inline { url "parts/CHEST_P.wrl" }
	     ]
	   }
	   DEF NECK_Y Joint {
	     jointType "rotate"
	     jointId 13
	     jointAxis 0.0 0.0 -1.0 
	     translation -0.012 0 0.056
	     ulimit [0.8720000000000003 ]
	     llimit [-0.8720000000000003 ]
	     uvlimit [ ]
	     lvlimit [ ]
	     rotorInertia 1.0
	     rotorResistor 1.0
	     children[
	       DEF NECK_Y_LINK Segment{
		 centerOfMass 2.2786043818985748E-5 5.3290705182007515E-18 0.008215358964843369 
		 mass 0.00527 
		 momentsOfInertia [
		  4.6330586214015664e-07 -1.8031706925116486e-22 -5.8734859937494843e-10 
		  -1.8031706925116486e-22 4.9575960481670661e-07 -2.7047560387674729e-22 
		  -5.8734859937494843e-10 -2.7047560387674729e-22 6.7145032800772607e-07 ]
		 children[
		   Inline { url "parts/NECK_Y.wrl" }
		 ]
	       }
	     ]
	   }

	   DEF R_SHOULDER_P Joint {
	     jointType "rotate"
	     jointId 14
	     jointAxis 0 1 0
	     translation -0.01 -0.041 0.042
	     ulimit [2.618 ]
	     llimit [-2.618 ]
	     uvlimit [ ]
	     lvlimit [ ]
	     rotorInertia 1.0
	     rotorResistor 1.0
	     children[
	       DEF R_SHOULDER_P_LINK Segment{
		 centerOfMass -0.0013812847067215142 -0.010516066209780376 -0.0029935461211070872
		 mass 0.00975 
		 momentsOfInertia [
		  1.3095800287113333e-06 2.1515967001874234e-08 -3.458271618147783e-08 
		  2.1515967001874234e-08 2.6327935898039409e-06 -1.0994626230711128e-07 
		  -3.458271618147783e-08 -1.0994626230711128e-07 2.7200506260844207e-06 ]
		 children[
		   Inline { url "parts/R_SHOULDER_P.wrl" }
		 ]
	       }
	       DEF R_SHOULDER_R Joint {
		 jointType "rotate"
		 jointId 15
		 jointAxis 1 0 0
		 translation 0 -0.025 -0.008
		 ulimit [0.698 ]
		 llimit [-2.618 ]
		 uvlimit [ ]
		 lvlimit [ ]
		 rotorInertia 1.0
		 rotorResistor 1.0
		 children[
		   DEF R_SHOULDER_R_LINK Segment{
		     centerOfMass -0.0035468902411903828 -0.0015567363057332911 -0.014437898304582529
		     mass 0.03686 
		     momentsOfInertia [
		      4.9508840880307424e-06 8.134138909631631e-08 -1.307404018922331e-07 
		      8.134138909631631e-08 9.9533099200177678e-06 -4.1565325421949963e-07 
		      -1.307404018922331e-07 -4.1565325421949963e-07 1.0283186264356074e-05 ]
		     children[
		       Inline { url "parts/R_SHOULDER_R.wrl" }
		     ]
		   }
		   DEF R_ELBOW_P Joint {
		     jointType "rotate"
		     jointId 16
		     jointAxis 0 1 0
		     #                     translation 0.009 0 -0.045
		     translation 0.009 0 -0.047  # by Hara
		     ulimit [0.873 ]
		     llimit [-2.269 ]
		     uvlimit [ ]
		     lvlimit [ ]
		     rotorInertia 1.0
		     rotorResistor 1.0
		     children[
		       DEF R_ELBOW_P_LINK Segment{
			 centerOfMass 0.0015461746197517063 0.00033795855263700454 -0.015625257449077206 
			 mass 0.02905 
			 momentsOfInertia [
			  1.0789525167996382e-05 3.9918558722109871e-09 1.7978343794464902e-06 
			  3.9918558722109871e-09 1.1003152443935253e-05 -4.0046039702229187e-08 
			  1.7978343794464902e-06 -4.0046039702229187e-08 3.2591072507697875e-06 ]
			 children[
			   Inline { url "parts/R_ELBOW_P.wrl" }
			 ]
		       }
		     ]
		   }
		 ]
	       }
	     ]
	   }

	   DEF L_SHOULDER_P Joint {
	     jointType "rotate"
	     jointId 17
	     jointAxis 0 -1 .0
	     translation -0.01 0.041 0.042
	     ulimit [2.618 ]
	     llimit [-2.618 ]
	     uvlimit [ ]
	     lvlimit [ ]
	     rotorInertia 1.0
	     rotorResistor 1.0
	     children[
	       DEF L_SHOULDER_P_LINK Segment{
		 centerOfMass -0.0013812821724981078 0.010516052694166637 -0.0029935523353056348 
		 mass 0.00975 
		 momentsOfInertia [
		  1.3095800142021788e-06 -2.1515553828179759e-08 -3.4582658591096929e-08 
		  -2.1515553828179759e-08 2.6327938140190386e-06 1.0994635718211764e-07 
		  -3.4582658591096929e-08 1.0994635718211764e-07 2.7200504163784756e-06 ]
		 children[
		   Inline { url "parts/L_SHOULDER_P.wrl" }
		 ]
	       }
	       DEF L_SHOULDER_R Joint {
		 jointType "rotate"
		 jointId 18
		 jointAxis 1 0 0
		 translation 0 0.025 -0.008
		 ulimit [2.618 ]
		 llimit [-0.698 ]
		 uvlimit [ ]
		 lvlimit [ ]
		 rotorInertia 1.0
		 rotorResistor 1.0
		 children[
		   DEF L_SHOULDER_R_LINK Segment{
		     centerOfMass -0.0035468902411903828 0.0015567363057332922 -0.014437898304582539
		     mass 0.03686 
		     momentsOfInertia [
		      1.0694950140451039e-05 1.9723127905453326e-07 -2.6065897076445542e-07 
		      1.9723127905453326e-07 1.0052420713671298e-05 4.8438918432883336e-08 
		      -2.6065897076445542e-07 4.8438918432883336e-08 4.8379288533730014e-06 ]
		     children[
		       Inline { url "parts/L_SHOULDER_R.wrl" }
		     ]
		   }
		   DEF L_ELBOW_P Joint {
		     jointType "rotate"
		     jointId 19
		     jointAxis 0 -1 0
		     translation 0.009 0 -0.047
		     ulimit [2.269 ]
		     llimit [-0.873 ]
		     uvlimit [ ]
		     lvlimit [ ]
		     rotorInertia 1.0
		     rotorResistor 1.0
		     children[
		       DEF L_ELBOW_P_LINK Segment{
			 centerOfMass 0.0015461746197516959 -0.00033796007273481838 -0.015625257207349728 
			 mass 0.02905 
			 momentsOfInertia [
			  1.0789525167996373e-05 -3.9905699607782306e-09 1.7978343823012256e-06 
			  -3.9905699607782306e-09 1.1003152501217637e-05 4.0040500729103886e-08 
			  1.7978343823012256e-06 4.0040500729103886e-08 3.259107193487409e-06 ]
			 children[
			   Inline { url "parts/L_ELBOW_P.wrl" }
			 ]
		       }
		     ]
		   }
		 ]
	       }
	     ]
	   }

	 ]
       }
     ]
   }
  ]
  joints [
   USE WAIST,
   USE R_HIP_Y,
   USE R_HIP_R,
   USE R_HIP_P,
   USE R_KNEE_P,
   USE R_ANKLE_P,
   USE R_ANKLE_R,
   USE L_HIP_Y,
   USE L_HIP_R,
   USE L_HIP_P,
   USE L_KNEE_P,
   USE L_ANKLE_P,
   USE L_ANKLE_R,
   USE CHEST_P,
   USE NECK_Y,
   USE R_SHOULDER_P,
   USE R_SHOULDER_R,
   USE R_ELBOW_P,
   USE L_SHOULDER_P,
   USE L_SHOULDER_R,
   USE L_ELBOW_P,
  ]
  segments [
   USE WAIST_LINK,
   USE R_HIP_Y_LINK,
   USE R_HIP_R_LINK,
   USE R_HIP_P_LINK,
   USE R_KNEE_P_LINK,
   USE R_ANKLE_P_LINK,
   USE R_ANKLE_R_LINK,
   USE L_HIP_Y_LINK,
   USE L_HIP_R_LINK,
   USE L_HIP_P_LINK,
   USE L_KNEE_P_LINK,
   USE L_ANKLE_P_LINK,
   USE L_ANKLE_R_LINK,
   USE CHEST_P_LINK,
   USE NECK_Y_LINK,
   USE R_SHOULDER_P_LINK,
   USE R_SHOULDER_R_LINK,
   USE R_ELBOW_P_LINK,
   USE L_SHOULDER_P_LINK,
   USE L_SHOULDER_R_LINK,
   USE L_ELBOW_P_LINK,
  ]
}
