# Body pose sequence format version 1.0 defined by cnoid-Robotics

type: PoseSeq
name: "SampleMotion1"
targetBody: "RIC30"
refs: 
  - 
    time: 0
    refer: 
      type: Pose
      name: ""
      joints: [ 
        0, 1, 2, 3, 4, 5, 6, 7, 8, 
        9, 10, 11, 12, 13, 14, 15, 16, 17, 
        18, 19 ]
      q: [ 
        -2.74277156e-14, 0.0259937549, 0.414012653, -0.689377758, -0.275365105, 0.0259937549, -1.31946595e-15, 0.0259864811, -0.414002638, 
        0.689393486, 0.275390848, 0.0259864811, 0, 0, 0.34906585, -0.174532925, -0.698131701, -0.34906585, 
        0.174532925, 0.698131701 ]
      ikLinks: 
        - 
          name: WAIST
          index: 0
          isBaseLink: true
          translation: [ 0.0161870912, -0.00170269015, 0.166422533 ]
          rotation: [ 
            1, -2.61060635e-14, -1.38359369e-13, 
            2.6095448e-14, 1, 7.1127132e-14, 
            1.38000722e-13, -7.11306014e-14, 1 ]
        - 
          name: R_ANKLE_R
          index: 6
          translation: [ 0.0251995642, -0.0293999067, 0.0211508251 ]
          rotation: [ 
            1, 3.65030029e-15, -4.87946377e-14, 
            -3.66026653e-15, 1, 4.7645915e-14, 
            4.84057239e-14, -4.76528539e-14, 1 ]
          isTouching: true
          partingDirection: [ 0, 0, 1 ]
        - 
          name: L_ANKLE_R
          index: 12
          translation: [ 0.0251973182, 0.0196009935, 0.0211510241 ]
          rotation: [ 
            1, -2.67017551e-14, -2.12041005e-13, 
            2.66930575e-14, 1, 9.71271674e-14, 
            2.1166402e-13, -9.71271674e-14, 1 ]
          isTouching: true
          partingDirection: [ 0, 0, 1 ]
      zmp: [ 0.0153995642, -0.00489990671, 0 ]
      isZmpStationaryPoint: true
  - 
    time: 1.5
    maxTransitionTime: 0.541666667
    refer: 
      type: Pose
      name: ""
      joints: [ 
        12, 13, 14, 15, 16, 17, 18, 19 ]
      q: [ 
        0, 0, -0.172787596, -1.5271631, -0.802851456, 0.172787596, 1.5271631, 0.34906585 ]
      ikLinks: 
        - 
          name: WAIST
          index: 0
          isBaseLink: true
          translation: [ -0.00170177353, 0.000206686534, 0.154270653 ]
          rotation: [ 
            0.989016678, -1.0618018e-05, -0.147803962, 
            1.05159591e-05, 1, -1.4719432e-06, 
            0.147803962, -9.85240516e-08, 0.989016678 ]
  - 
    time: 2.46666667
    maxTransitionTime: 0.558333333
    refer: 
      type: Pose
      name: ""
      joints: [ 
        12, 13, 14, 15, 16, 17, 18, 19 ]
      q: [ 
        0.00263595484, 0.354301838, -0.202445604, -1.65626266, -0.549886095, -0.62066345, 0.667445809, 1.41804495 ]
      ikLinks: 
        - 
          name: WAIST
          index: 0
          isBaseLink: true
          translation: [ -0.00231165222, 0.000286113927, 0.154157425 ]
          rotation: [ 
            0.854382857, 0.344858111, 0.388719458, 
            -0.342913079, 0.936216263, -0.0768747615, 
            -0.390436363, -0.0676165079, 0.918143482 ]
  - 
    time: 2.99166667
    maxTransitionTime: 0.341666667
    refer: 
      type: Pose
      name: ""
      joints: [ 
        12, 13, 14, 15, 16, 17, 18, 19 ]
      q: [ 
        0.00263653005, 0, 0.205694412, -1.16597616, -0.98031669, -0.212686887, 1.15757596, 0.987788984 ]
      ikLinks: 
        - 
          name: WAIST
          index: 0
          isBaseLink: true
          translation: [ 0.00557454746, -2.64736876e-05, 0.143289054 ]
          rotation: [ 
            0.914441672, 0.00288814826, 0.40470741, 
            -5.23028162e-05, 0.999975372, -0.00701803127, 
            -0.404717712, 0.00639641291, 0.914419302 ]
  - 
    time: 3.48333333
    maxTransitionTime: 0.516666667
    refer: 
      type: Pose
      name: ""
      joints: [ 
        12, 13, 14, 15, 16, 17, 18, 19 ]
      q: [ 
        0.00263595492, -0.422369679, 0.620629366, -0.667486757, -1.418009, 0.202411496, 1.65622169, 0.549922076 ]
      ikLinks: 
        - 
          name: WAIST
          index: 0
          isBaseLink: true
          translation: [ 0.0141276682, -0.000322323269, 0.150963912 ]
          rotation: [ 
            0.840461288, -0.342483373, 0.419916614, 
            0.343579605, 0.936061362, 0.0757771775, 
            -0.419020141, 0.0805870002, 0.90439364 ]
  - 
    time: 4.00833333
    maxTransitionTime: 0.341666667
    refer: 
      type: Pose
      name: ""
      joints: [ 
        12, 13, 14, 15, 16, 17, 18, 19 ]
      q: [ 
        0.00263653005, 0, 0.205694412, -1.16597616, -0.98031669, -0.212686887, 1.15757596, 0.987788984 ]
      ikLinks: 
        - 
          name: WAIST
          index: 0
          isBaseLink: true
          translation: [ 0.00557454746, -2.64736876e-05, 0.143289054 ]
          rotation: [ 
            0.914441672, 0.00288814826, 0.40470741, 
            -5.23028162e-05, 0.999975372, -0.00701803127, 
            -0.404717712, 0.00639641291, 0.914419302 ]
  - 
    time: 4.49166667
    maxTransitionTime: 0.541666667
    refer: 
      type: Pose
      name: ""
      joints: [ 
        12, 13, 14, 15, 16, 17, 18, 19 ]
      q: [ 
        0, 0, -0.172787596, -1.5271631, -0.802851456, 0.172787596, 1.5271631, 0.34906585 ]
      ikLinks: 
        - 
          name: WAIST
          index: 0
          isBaseLink: true
          translation: [ -0.00170177353, 0.000206686534, 0.154270653 ]
          rotation: [ 
            0.989016678, -1.0618018e-05, -0.147803962, 
            1.05159591e-05, 1, -1.4719432e-06, 
            0.147803962, -9.85240516e-08, 0.989016678 ]
  - 
    time: 5.025
    refer: 
      type: Pose
      name: ""
      joints: [ 
        12, 13, 14, 15, 16, 17, 18, 19 ]
      q: [ 
        0, 0.326291052, 0.942000489, -0.906487926, -1.25535486, 1.46282615, 0.771257023, 1.18819094 ]
      ikLinks: 
        - 
          name: WAIST
          index: 0
          isBaseLink: true
          translation: [ -0.00595981699, 0.00698479091, 0.147243988 ]
          rotation: [ 
            0.999982472, -0.00179845846, -0.00564107445, 
            1.07496363e-05, 0.953301255, -0.302021056, 
            0.00592081567, 0.302015701, 0.953284564 ]
  - 
    time: 5.525
    refer: 
      type: Pose
      name: ""
      joints: [ 
        12, 13, 14, 15, 16, 17, 18, 19 ]
      q: [ 
        0, 9.72347334e-05, 0.581302161, -1.03668676, -0.92861256, 1.28636026, 0.834248605, 0.836117661 ]
      ikLinks: 
        - 
          name: WAIST
          index: 0
          isBaseLink: true
          translation: [ -0.00576741128, -0.000178572423, 0.15122398 ]
          rotation: [ 
            0.993234316, 0.00517775005, -0.116011999, 
            -9.85958498e-05, 0.999042755, 0.0437443105, 
            0.116127444, -0.043436912, 0.992284058 ]
  - 
    time: 6.01666667
    refer: 
      type: Pose
      name: ""
      joints: [ 
        12, 13, 14, 15, 16, 17, 18, 19 ]
      q: [ 
        0, 0.326291052, 0.942000489, -0.906487926, -1.25535486, 1.46282615, 0.771257023, 1.18819094 ]
      ikLinks: 
        - 
          name: WAIST
          index: 0
          isBaseLink: true
          translation: [ -0.00595981699, 0.00698479091, 0.147243988 ]
          rotation: [ 
            0.999982472, -0.00179845846, -0.00564107445, 
            1.07496363e-05, 0.953301255, -0.302021056, 
            0.00592081567, 0.302015701, 0.953284564 ]
  - 
    time: 6.54166667
    maxTransitionTime: 0.541666667
    refer: 
      type: Pose
      name: ""
      joints: [ 
        12, 13, 14, 15, 16, 17, 18, 19 ]
      q: [ 
        0, 9.84430804e-06, -0.172753962, -1.52714437, -0.802865108, 0.172826517, 1.52714029, 0.349091167 ]
      ikLinks: 
        - 
          name: WAIST
          index: 0
          isBaseLink: true
          translation: [ -0.000709439304, 0.0272837379, 0.14415081 ]
          rotation: [ 
            0.989019285, -0.000140269134, -0.147786448, 
            1.26891509e-05, 0.999999626, -0.000864215013, 
            0.147786514, 0.00085285003, 0.989018917 ]
  - 
    time: 7.16
    maxTransitionTime: 0.617050163
    refer: 
      type: Pose
      name: ""
      joints: [ 
        0, 1, 2, 3, 4, 5, 12, 13, 14, 
        15, 16, 17, 18, 19 ]
      q: [ 
        -0.00554108227, 0.186919342, 0.581899756, -1.43832041, -0.723837574, 0.275836214, 0, -0.387463094, -0.888372589, 
        -1.30899694, -1.55159771, -0.750491578, 1.18333323, 0.900589894 ]
      ikLinks: 
        - 
          name: WAIST
          index: 0
          isBaseLink: true
          translation: [ -0.00218358137, 0.0359159308, 0.154265647 ]
          rotation: [ 
            0.999850594, 0.0169426471, 0.0034257387, 
            -0.0172852919, 0.979002044, 0.203116263, 
            8.75219726e-05, -0.203145131, 0.979148634 ]
        - 
          name: R_ANKLE_R
          index: 6
          translation: [ -0.0173606784, -0.0294748821, 0.0472732868 ]
          rotation: [ 
            0.989970076, 0.0586741794, 0.128516883, 
            -0.0729412725, 0.991331323, 0.109278445, 
            -0.120990988, -0.117556576, 0.985668115 ]
  - 
    time: 7.83107165
    maxTransitionTime: 0.328014784
    refer: 
      type: Pose
      name: ""
      joints: [ 
        0, 1, 2, 3, 4, 5, 12, 13, 14, 
        15, 16, 17, 18, 19 ]
      q: [ 
        -0.130863974, 0.227028823, 0.903551924, -0.934143105, -0.153307758, -0.0196133095, 0, -0.387463094, -0.125452629, 
        -0.916723361, -1.23611023, -1.00903081, 1.10115248, 0.800432771 ]
      ikLinks: 
        - 
          name: WAIST
          index: 0
          isBaseLink: true
          translation: [ -0.00632375134, 0.0370071214, 0.154259643 ]
          rotation: [ 
            0.981132548, -0.13053257, 0.142618974, 
            0.0973393867, 0.970867715, 0.218954159, 
            -0.167044806, -0.200940609, 0.965255875 ]
        - 
          name: R_ANKLE_R
          index: 6
          translation: [ 0.043821894, -0.0304316716, 0.0390835821 ]
          rotation: [ 
            0.999304947, -0.0337694092, 0.0157876539, 
            0.0230297452, 0.892288296, 0.450878284, 
            -0.0293130321, -0.450201314, 0.892445809 ]
  - 
    time: 8.18024868
    refer: 
      type: Pose
      name: ""
      joints: [ 
        0, 1, 2, 3, 4, 5, 12, 13, 14, 
        15, 16, 17, 18, 19 ]
      q: [ 
        -0.13240401, 0.285252766, 1.26631178, -0.945796389, -0.282969297, 0.0350767145, 0, -0.387463094, 0.483781988, 
        -0.727534958, -0.947549306, -1.50969822, 0.960895056, 0.454597378 ]
      ikLinks: 
        - 
          name: WAIST
          index: 0
          isBaseLink: true
          translation: [ -0.0069119989, 0.0368694778, 0.154226214 ]
          rotation: [ 
            0.97293155, -0.114419492, 0.200779429, 
            0.0687961848, 0.972838195, 0.221026994, 
            -0.220615694, -0.201231277, 0.954376597 ]
        - 
          name: R_ANKLE_R
          index: 6
          translation: [ 0.0664605398, -0.030431704, 0.0496545353 ]
          rotation: [ 
            0.918242056, -0.0558642713, -0.392059575, 
            0.226221579, 0.886569969, 0.403506489, 
            0.325046649, -0.459208964, 0.826723535 ]
  - 
    time: 9.02
    maxTransitionTime: 0.529056104
    refer: 
      type: Pose
      name: ""
      joints: [ 
        0, 1, 2, 3, 4, 5, 12, 13, 14, 
        15, 16, 17, 18, 19 ]
      q: [ 
        -0.000948339255, 0.328356452, 0.840267319, -1.15935439, -0.321870665, 0.327238275, 0, -0.000342780255, 0.349668006, 
        -0.372909988, -0.349318065, -0.366752784, 0.385951046, 0.349380314 ]
      ikLinks: 
        - 
          name: WAIST
          index: 0
          isBaseLink: true
          translation: [ -0.00287260272, 0.0296536997, 0.144535642 ]
          rotation: [ 
            0.999999465, -0.000285886612, 0.000994025304, 
            0.000284963039, 0.999999528, 0.000929142228, 
            -0.000994290464, -0.00092885847, 0.999999074 ]
        - 
          name: R_ANKLE_R
          index: 6
          translation: [ 0.025199998, -0.0293999966, 0.0212308467 ]
          rotation: [ 
            0.999998626, -0.000233388658, -0.00164111574, 
            0.000236749295, 0.999997875, 0.00204787945, 
            0.0016406343, -0.00204826517, 0.999996556 ]
          isTouching: true
          partingDirection: [ 0, 0, 1 ]
  - 
    time: 9.65102465
    maxTransitionTime: 0.677191813
    refer: 
      type: Pose
      name: ""
      joints: [ 
        12, 13, 14, 15, 16, 17, 18, 19 ]
      q: [ 
        0, 0, 0.34906585, 0, -0.34906585, -0.34906585, 0, 0.34906585 ]
      ikLinks: 
        - 
          name: WAIST
          index: 0
          isBaseLink: true
          translation: [ -0.00206589105, 0.000206960048, 0.154197111 ]
          rotation: [ 
            1, 7.25663958e-19, 7.30074269e-16, 
            -4.21994409e-19, 1, 3.56094663e-15, 
            -5.75440303e-16, -3.56007164e-15, 1 ]
